0 0.638971 0.823035 0.0489342 0.196743
6 0.410273 0.640275 0.79667 0.693681
0 0.889918 0.735835 0.0389427 0.172257
24 0.967317 0.764797 0.0215405 0.0581584
0 0.614851 0.744878 0.032378 0.159793
0 0.978467 0.786668 0.0421331 0.188903
0 0.550775 0.930391 0.0343044 0.139218
0 0.779584 0.956781 0.0756985 0.0864385
0 0.574117 0.836616 0.0346798 0.190794
0 0.844028 0.688332 0.0313744 0.160965
0 0.671653 0.665767 0.0290323 0.151239
0 0.726043 0.701338 0.02829 0.125387
0 0.343215 0.926575 0.0534537 0.14685
0 0.127122 0.598921 0.0342858 0.0688916
0 0.500456 0.729315 0.026652 0.159678
0 0.875321 0.925426 0.0502888 0.146588
0 0.534965 0.7766 0.0400519 0.184938
0 0.460057 0.955321 0.0351263 0.0872731
0 0.941751 0.689986 0.0257877 0.136573
0 0.394837 0.927239 0.0703097 0.145522
