0 0.449112 0.900382 0.0438043 0.199237
0 0.881653 0.702409 0.0370047 0.170033
0 0.719794 0.907268 0.0583893 0.185464
0 0.878705 0.875635 0.0483467 0.203856
6 0.397306 0.644704 0.789042 0.686712
0 0.833079 0.718005 0.0293482 0.150431
0 0.619038 0.755337 0.0327997 0.14388
0 0.963948 0.728728 0.0301613 0.164506
0 0.58711 0.736711 0.0298125 0.144925
0 0.925207 0.655341 0.0257547 0.117575
0 0.546014 0.930042 0.038652 0.139859
0 0.648485 0.783525 0.0493015 0.18241
0 0.218066 0.569824 0.0235675 0.0564039
0 0.805937 0.684077 0.0269527 0.148618
0 0.325424 0.92773 0.053582 0.144365
0 0.499477 0.911313 0.0445547 0.177373
0 0.509497 0.912702 0.0276001 0.174596
0 0.699138 0.634638 0.0259901 0.140269
0 0.0186928 0.655857 0.0325244 0.0587993
0 0.873957 0.878732 0.035294 0.195095
24 0.672774 0.7626 0.0204926 0.0584388
