0 0.831986 0.85963 0.0394129 0.198714
0 0.928398 0.89801 0.0538965 0.203979
0 0.683586 0.795291 0.0447224 0.198022
0 0.91311 0.76706 0.0367908 0.173577
0 0.390463 0.954456 0.0403738 0.0910872
0 0.509725 0.799569 0.0371391 0.192147
6 0.450764 0.645975 0.860481 0.70332
0 0.48208 0.871135 0.0418725 0.198637
0 0.192749 0.562543 0.0209121 0.0952108
0 0.855767 0.643694 0.0280601 0.131654
0 0.823261 0.745591 0.0379604 0.164105
0 0.31392 0.935679 0.0493492 0.128642
0 0.615278 0.754599 0.0359074 0.15056
26 0.661804 0.820953 0.020183 0.0556108
0 0.980004 0.939532 0.0394737 0.120935
0 0.432526 0.916508 0.0461647 0.166985
0 0.749796 0.619624 0.026568 0.132609
0 0.231763 0.570979 0.0240913 0.0463133
26 0.819249 0.835266 0.0199337 0.0594343
0 0.540417 0.748404 0.0321481 0.163455
0 0.689086 0.769504 0.0362007 0.144653
