0 0.883802 0.902708 0.0438915 0.194585
0 0.886617 0.708705 0.0346888 0.169757
0 0.690926 0.795983 0.046813 0.175577
0 0.398596 0.928217 0.0463505 0.142345
0 0.546833 0.929788 0.0357063 0.140424
0 0.974043 0.75543 0.0352095 0.175191
0 0.642543 0.891062 0.0425862 0.20778
6 0.407709 0.649328 0.790381 0.696853
0 0.603222 0.787541 0.0352949 0.18687
0 0.55553 0.753025 0.037146 0.152916
0 0.531743 0.736387 0.0315048 0.160116
0 0.47559 0.926495 0.0320076 0.145606
0 0.934535 0.670218 0.0260067 0.124374
0 0.686643 0.647984 0.029381 0.148952
0 0.796752 0.735884 0.0367455 0.162789
0 0.26874 0.916281 0.0414453 0.166412
