6 0.41606 0.640692 0.823071 0.711482
0 0.712018 0.734202 0.0376142 0.174875
0 0.641874 0.876565 0.0344615 0.189766
0 0.910101 0.837998 0.0465607 0.226503
0 0.89428 0.706522 0.0432549 0.194542
0 0.837561 0.789161 0.0375477 0.169491
0 0.597804 0.879966 0.0364634 0.231411
0 0.553386 0.872854 0.0358203 0.200241
0 0.226621 0.574862 0.0211178 0.0491772
0 0.983981 0.899052 0.031591 0.201896
26 0.968624 0.891522 0.0258038 0.0692454
0 0.857781 0.617417 0.0235268 0.107028
0 0.131948 0.615653 0.0296006 0.0653926
0 0.298855 0.923018 0.0311228 0.153965
0 0.0972594 0.611348 0.023734 0.0980418
