0 0.924054 0.888404 0.0508953 0.216109
0 0.693319 0.778277 0.0505327 0.192029
6 0.442548 0.63531 0.827297 0.704849
0 0.83468 0.843668 0.0383936 0.197382
0 0.535455 0.812783 0.0393291 0.206451
0 0.278669 0.910686 0.0464205 0.177016
0 0.85381 0.635676 0.0248293 0.124451
0 0.974709 0.926409 0.0495541 0.146551
0 0.82759 0.722634 0.0319759 0.131537
26 0.954328 0.938703 0.0298891 0.0978522
0 0.23041 0.571978 0.0250594 0.0449503
6 0.341882 0.674193 0.678495 0.625909
0 0.372615 0.930003 0.0462309 0.139994
0 0.892809 0.736128 0.0261511 0.152304
0 0.894469 0.576155 0.0207485 0.105994
0 0.753375 0.607875 0.0263489 0.134055
0 0.636391 0.747702 0.0278047 0.133195
0 0.581041 0.92158 0.0427444 0.156839
0 0.500861 0.846281 0.0387958 0.185078
0 0.484686 0.908163 0.0552371 0.183675
0 0.416816 0.959661 0.0511369 0.0806781
