0 0.88107 0.690477 0.034981 0.169308
0 0.459454 0.882404 0.0424812 0.203901
0 0.876661 0.86726 0.0447685 0.202233
0 0.754713 0.902283 0.0436836 0.195433
0 0.839124 0.706143 0.0282824 0.14987
6 0.400959 0.651172 0.796371 0.69316
0 0.51086 0.907229 0.0462049 0.185543
0 0.544698 0.931103 0.0353025 0.137794
0 0.621614 0.75527 0.0297446 0.151827
0 0.668063 0.785713 0.0368095 0.167189
0 0.810523 0.678725 0.0289174 0.151017
0 0.216518 0.562887 0.0250016 0.0472688
0 0.0177706 0.655834 0.0325323 0.055285
0 0.70447 0.62696 0.0227186 0.141718
0 0.506183 0.917159 0.0308838 0.161278
