6 0.335253 0.681294 0.670506 0.609446
0 0.592699 0.858204 0.049638 0.205593
0 0.896109 0.763646 0.0381428 0.185893
0 0.882045 0.952017 0.0548298 0.0959656
0 0.535707 0.938688 0.0415967 0.122625
0 0.538913 0.80826 0.0391539 0.208489
0 0.710927 0.924325 0.0426802 0.150866
0 0.287747 0.91522 0.0456904 0.16956
0 0.389778 0.951969 0.039325 0.0906873
0 0.0832946 0.605043 0.0270098 0.0926176
0 0.839758 0.720397 0.0376644 0.162634
0 0.980557 0.8256 0.0384033 0.206094
0 0.698948 0.781205 0.0404999 0.173396
26 0.972083 0.794361 0.02484 0.0655182
0 0.725243 0.669214 0.0321735 0.163843
0 0.222743 0.563046 0.0231155 0.0503782
0 0.127612 0.598397 0.0318195 0.0666321
0 0.359421 0.929499 0.0345167 0.137862
6 0.418133 0.634599 0.797804 0.700775
0 0.646187 0.693631 0.0244591 0.175881
