0 0.911427 0.83983 0.0484764 0.221415
0 0.62916 0.894152 0.0401929 0.190368
0 0.709747 0.750509 0.0416071 0.185781
6 0.416657 0.641187 0.824656 0.709634
0 0.586769 0.866589 0.0420005 0.204971
0 0.839975 0.804141 0.0410019 0.18541
26 0.966388 0.893099 0.0298199 0.08402
0 0.984321 0.901498 0.0307777 0.197003
0 0.29289 0.914487 0.0400491 0.171026
0 0.226863 0.575131 0.0216739 0.0478962
0 0.563981 0.781095 0.0334618 0.185104
0 0.857029 0.622363 0.0235699 0.113085
0 0.897317 0.714531 0.0409204 0.192112
0 0.83838 0.68798 0.0401379 0.0996846
0 0.979633 0.784418 0.0309551 0.134877
0 0.505272 0.767275 0.0320363 0.166646
0 0.892014 0.577762 0.0205353 0.101849
0 0.935418 0.697426 0.0346308 0.0999496
0 0.101022 0.610902 0.0233778 0.0986916
