0 0.652158 0.847271 0.0472935 0.210059
6 0.333162 0.693928 0.666323 0.593785
0 0.819791 0.902568 0.047102 0.194864
0 0.898826 0.818638 0.0450275 0.20915
0 0.856099 0.669204 0.0348278 0.147802
0 0.600629 0.732628 0.0390522 0.17634
0 0.323957 0.933788 0.0564504 0.132423
0 0.466766 0.760242 0.0238527 0.190994
0 0.817641 0.776917 0.0419247 0.162484
0 0.411431 0.908193 0.0451109 0.183614
0 0.734774 0.642604 0.0271664 0.129987
26 0.62573 0.871665 0.021529 0.0576267
0 0.966388 0.829588 0.0367191 0.109921
0 0.0393326 0.675396 0.0324887 0.0610514
0 0.653059 0.611996 0.0316238 0.143967
0 0.905047 0.593597 0.0224682 0.107865
0 0.542645 0.782345 0.0376901 0.145038
0 0.488256 0.737457 0.0262044 0.166095
0 0.958157 0.965183 0.0470663 0.0696335
0 0.876363 0.554559 0.0194561 0.103753
0 0.900668 0.712428 0.0510544 0.101029
