0 0.630817 0.888851 0.0649319 0.222297
0 0.721813 0.66082 0.0406507 0.145376
0 0.886789 0.862421 0.0471876 0.23856
0 0.965803 0.947606 0.0670059 0.104788
6 0.344681 0.673681 0.678029 0.633202
0 0.855417 0.685944 0.036668 0.147505
0 0.815896 0.811339 0.048794 0.181603
26 0.603641 0.907587 0.0264332 0.119067
0 0.547912 0.749874 0.0343074 0.174858
0 0.202424 0.561336 0.0242552 0.0891846
0 0.822624 0.923371 0.0397682 0.153257
0 0.0336231 0.671898 0.0352734 0.0626628
0 0.901649 0.588385 0.0244719 0.113664
0 0.140869 0.616121 0.0314888 0.0773817
0 0.978611 0.87414 0.0403404 0.13278
0 0.235805 0.566727 0.021077 0.0464277
0 0.552118 0.759444 0.0251066 0.155608
0 0.245008 0.527642 0.019802 0.0991979
