0 0.912589 0.861337 0.0477646 0.216794
0 0.611962 0.907957 0.0376299 0.184003
0 0.702728 0.758213 0.0381268 0.180669
0 0.511351 0.900641 0.0533028 0.19724
0 0.566482 0.841682 0.0438696 0.219862
6 0.411407 0.645744 0.808387 0.708512
0 0.977618 0.915617 0.0442167 0.168765
0 0.89545 0.719493 0.0423954 0.194935
0 0.835548 0.819675 0.0354847 0.192434
0 0.424005 0.929236 0.0359547 0.141528
0 0.98414 0.789979 0.0306774 0.144526
0 0.725645 0.581958 0.0257793 0.117303
26 0.961063 0.91138 0.0300507 0.0935228
0 0.626193 0.704782 0.0314867 0.152073
26 0.959941 0.924637 0.0288445 0.0702942
0 0.229026 0.574207 0.02326 0.0457256
0 0.855859 0.629598 0.0245777 0.121856
0 0.285032 0.919335 0.0362504 0.160514
0 0.442891 0.966259 0.0306892 0.067483
