6 0.404978 0.647973 0.803053 0.690377
0 0.435011 0.907234 0.0379983 0.185531
0 0.88283 0.889382 0.0489487 0.212801
0 0.70961 0.902767 0.0488245 0.194466
0 0.578895 0.738495 0.0335838 0.140688
0 0.967702 0.739308 0.0322681 0.170949
24 0.291572 0.911836 0.018055 0.0640172
0 0.885002 0.701648 0.0366383 0.169211
0 0.491229 0.914117 0.0433632 0.171765
0 0.547395 0.928219 0.04162 0.14039
0 0.309241 0.931869 0.0472531 0.136261
0 0.643441 0.785901 0.0486675 0.179629
0 0.614766 0.755068 0.028493 0.143489
0 0.826821 0.725574 0.0269203 0.156139
0 0.498273 0.91421 0.0312031 0.171579
0 0.218165 0.567846 0.0241033 0.0506661
0 0.696685 0.637561 0.0262052 0.139649
0 0.802299 0.692545 0.0267113 0.148117
