0 0.650654 0.820454 0.0412939 0.182559
0 0.889866 0.73395 0.0369408 0.170118
0 0.583452 0.847207 0.0365238 0.200078
6 0.411255 0.641314 0.79776 0.689337
0 0.877954 0.922904 0.0501301 0.154191
0 0.0324732 0.632974 0.0315275 0.0900196
24 0.967099 0.762374 0.0208874 0.0605993
0 0.672531 0.659629 0.028871 0.143829
0 0.12627 0.602543 0.0341965 0.074939
0 0.97758 0.78565 0.0415455 0.189791
0 0.550704 0.930836 0.0297647 0.138328
0 0.345776 0.929729 0.0407122 0.140543
0 0.970926 0.79573 0.0292328 0.170279
0 0.419883 0.925693 0.0345697 0.148158
0 0.505312 0.746846 0.0271444 0.148318
0 0.530051 0.755857 0.0274072 0.143642
0 0.787019 0.96473 0.0640529 0.0705392
