6 0.415345 0.644456 0.792342 0.706176
0 0.67576 0.804383 0.0386757 0.178247
0 0.878572 0.913829 0.052573 0.172342
0 0.548158 0.931698 0.0326649 0.136604
0 0.891798 0.724221 0.0385483 0.16429
0 0.976 0.771802 0.0465378 0.178989
0 0.606204 0.864816 0.0451818 0.200009
0 0.376721 0.935698 0.0361166 0.128605
0 0.67851 0.651429 0.0286997 0.147235
0 0.846334 0.679267 0.0318821 0.156561
0 0.125866 0.602893 0.0364962 0.0700562
0 0.542397 0.754824 0.0339548 0.154308
0 0.776404 0.751521 0.0323999 0.146631
0 0.573954 0.788621 0.0425564 0.172629
0 0.446201 0.923492 0.0319273 0.152449
0 0.518894 0.735243 0.0263463 0.168491
0 0.881639 0.932858 0.0452942 0.134283
0 0.940596 0.682631 0.0267765 0.129201
0 0.775448 0.777237 0.0298491 0.0982313
