6 0.393759 0.649746 0.780858 0.690678
0 0.874971 0.8473 0.0472469 0.200821
0 0.48103 0.854818 0.0441357 0.1831
0 0.371697 0.917244 0.0575369 0.161421
0 0.702724 0.771243 0.0332901 0.174736
0 0.883733 0.67153 0.0345119 0.166793
0 0.486836 0.852734 0.0308029 0.181565
0 0.661974 0.764341 0.0317024 0.139836
0 0.841652 0.6954 0.0292599 0.134899
0 0.216625 0.563844 0.0234898 0.0483253
0 0.626176 0.756042 0.0299689 0.149529
0 0.918567 0.643885 0.0245453 0.113106
0 0.789981 0.966356 0.0484535 0.0672882
0 0.120853 0.594731 0.0351081 0.06851
0 0.543557 0.934556 0.0357488 0.130889
0 0.789244 0.874659 0.0576687 0.152146
