0 0.576543 0.73839 0.0355049 0.142008
0 0.883233 0.891683 0.048267 0.214495
6 0.405355 0.651256 0.798184 0.695688
0 0.702194 0.900428 0.0486395 0.198037
0 0.967572 0.73999 0.035553 0.170834
0 0.88505 0.697573 0.0350576 0.16201
0 0.430533 0.910881 0.0407611 0.178239
0 0.304012 0.931921 0.0506176 0.136159
0 0.824755 0.733824 0.0285 0.156973
0 0.547534 0.927699 0.0366838 0.140076
0 0.614001 0.752936 0.028071 0.145893
0 0.489155 0.914083 0.0459246 0.171834
0 0.802128 0.694831 0.0284529 0.149209
0 0.498199 0.915078 0.027179 0.169844
0 0.638893 0.786571 0.0364805 0.177481
0 0.928304 0.664215 0.0265173 0.122806
0 0.217751 0.568232 0.0247132 0.0497672
0 0.69504 0.637837 0.0245022 0.137112
