0 0.460545 0.882306 0.0402555 0.207086
0 0.877689 0.860163 0.0430931 0.193398
0 0.880958 0.692085 0.0356672 0.167123
0 0.840319 0.703006 0.0262896 0.15052
0 0.75904 0.901237 0.040892 0.197527
0 0.513687 0.909479 0.0495475 0.181043
0 0.672775 0.778127 0.04508 0.174678
6 0.403509 0.651473 0.791796 0.689173
0 0.544719 0.931205 0.036106 0.136916
0 0.621917 0.763156 0.029262 0.136212
0 0.216729 0.563459 0.0246291 0.0484792
0 0.951153 0.769732 0.0532299 0.268847
0 0.346078 0.928885 0.0499109 0.14223
0 0.705231 0.62833 0.0225597 0.140094
0 0.811277 0.675129 0.0265209 0.146151
