0 0.88423 0.901741 0.0440079 0.194787
0 0.70446 0.789999 0.0407907 0.174414
0 0.403288 0.92458 0.0457642 0.15084
0 0.886609 0.707512 0.0357956 0.162845
0 0.560544 0.754106 0.0336458 0.149034
0 0.972812 0.753499 0.0355122 0.177104
0 0.800626 0.739127 0.0378218 0.148851
0 0.546282 0.92998 0.0354179 0.138006
0 0.652514 0.895007 0.0385704 0.209026
6 0.405957 0.647998 0.788836 0.704005
0 0.53679 0.724527 0.0258188 0.161685
0 0.276602 0.922572 0.0396492 0.154856
0 0.688571 0.643998 0.0284426 0.143118
0 0.218986 0.568371 0.0236447 0.0466904
0 0.934537 0.670514 0.027264 0.126228
