0 0.816496 0.909154 0.0474022 0.181691
0 0.893315 0.833416 0.0448944 0.220672
0 0.638512 0.866825 0.0401686 0.227007
0 0.729587 0.652965 0.0271866 0.144252
0 0.817077 0.782137 0.0391804 0.154703
6 0.342887 0.678826 0.685774 0.624148
0 0.954203 0.932647 0.0622318 0.134705
0 0.858005 0.677335 0.0308193 0.142518
0 0.292754 0.932584 0.0437706 0.134034
0 0.580715 0.720219 0.0335847 0.208921
0 0.38394 0.916064 0.0508851 0.167872
0 0.638355 0.623225 0.0309853 0.124714
26 0.614996 0.884832 0.0200912 0.0929262
0 0.90527 0.586996 0.0256758 0.125228
0 0.233339 0.524441 0.0206118 0.068636
0 0.0380408 0.674331 0.030991 0.0616876
0 0.959571 0.855762 0.0584059 0.142
0 0.965707 0.848992 0.0449987 0.128813
0 0.879258 0.554599 0.0202629 0.0978441
5 0.964698 0.407202 0.0701569 0.219795
26 0.614685 0.898934 0.0199159 0.0778832
0 0.419958 0.965749 0.0280018 0.0685013
0 0.29755 0.924163 0.0558935 0.151082
