0 0.608506 0.904974 0.048233 0.190053
0 0.88142 0.884886 0.0487572 0.230229
6 0.429984 0.631412 0.793462 0.71829
0 0.721826 0.682671 0.0378973 0.156161
0 0.858066 0.69951 0.0324295 0.15515
0 0.817792 0.826232 0.0487167 0.166315
0 0.814208 0.942734 0.0559645 0.114533
0 0.14158 0.61781 0.0314641 0.0976618
0 0.820843 0.944773 0.0416458 0.110454
0 0.0303868 0.66913 0.03908 0.066436
0 0.902997 0.596986 0.024197 0.107303
0 0.235668 0.564 0.0238386 0.0464996
0 0.817626 0.584941 0.019783 0.115951
0 0.500999 0.7566 0.0314266 0.167172
