6 0.416755 0.644497 0.790895 0.701204
0 0.891896 0.729813 0.0366463 0.165154
0 0.666266 0.812405 0.0405632 0.183794
0 0.595578 0.860112 0.0567202 0.205955
0 0.880657 0.916798 0.0486006 0.166403
24 0.965861 0.746023 0.0223427 0.0619666
0 0.366804 0.936039 0.0411517 0.127923
0 0.620458 0.723036 0.0288225 0.143743
0 0.846442 0.687026 0.0280861 0.160136
0 0.978436 0.774047 0.0418604 0.178658
0 0.549068 0.932483 0.0312525 0.135034
0 0.438291 0.926983 0.0299858 0.146034
0 0.538763 0.752456 0.0319 0.139639
0 0.513702 0.752959 0.0283918 0.133219
0 0.817096 0.973797 0.0346485 0.0524068
0 0.125462 0.605228 0.0343049 0.0748884
0 0.941776 0.685446 0.0280804 0.131995
0 0.492665 0.960579 0.0316435 0.0788427
0 0.967869 0.779974 0.030867 0.167929
0 0.676145 0.648151 0.0258738 0.137028
