6 0.425616 0.633463 0.769355 0.713643
0 0.608083 0.914517 0.0672247 0.169284
0 0.87943 0.89217 0.0553022 0.21566
0 0.855171 0.704625 0.0378317 0.161275
0 0.82195 0.840092 0.0514051 0.173919
0 0.717802 0.694892 0.0436163 0.162502
0 0.479433 0.73581 0.0414556 0.192578
0 0.817503 0.950605 0.0554661 0.0987891
0 0.141155 0.608687 0.0313153 0.0779134
0 0.264458 0.511995 0.0215639 0.103145
0 0.899696 0.593237 0.028252 0.112856
0 0.905722 0.754647 0.0608368 0.122592
0 0.821355 0.589378 0.0256323 0.120644
