6 0.413363 0.634348 0.799107 0.700025
0 0.894255 0.753859 0.0425091 0.182901
0 0.837051 0.709573 0.0332867 0.152714
0 0.616366 0.848137 0.0487024 0.202323
0 0.739533 0.928508 0.0685932 0.142843
0 0.878997 0.939664 0.0564095 0.115824
0 0.544758 0.938368 0.0436838 0.123264
0 0.979596 0.809352 0.0402306 0.191953
0 0.0733232 0.609929 0.027918 0.0915934
0 0.127262 0.597097 0.0331956 0.0669352
0 0.550634 0.814331 0.0328791 0.187401
0 0.410604 0.952773 0.0358625 0.0887435
0 0.366476 0.923165 0.0531673 0.153669
24 0.970488 0.779325 0.0218365 0.0686452
0 0.294889 0.918454 0.0475199 0.161837
0 0.511046 0.769131 0.0359455 0.178342
0 0.71338 0.762893 0.0318157 0.181413
