0 0.829603 0.875349 0.0412319 0.202373
0 0.667922 0.81656 0.0404024 0.207089
0 0.936463 0.909953 0.0538422 0.180094
6 0.339808 0.689327 0.67156 0.599527
0 0.495067 0.780961 0.0414637 0.195067
26 0.649081 0.840407 0.0200659 0.0590769
0 0.821279 0.754107 0.0361099 0.157995
0 0.593048 0.76902 0.0367102 0.148692
0 0.854121 0.656646 0.0277637 0.125695
0 0.206904 0.552025 0.0215878 0.0841114
0 0.634688 0.712337 0.0350033 0.165547
0 0.357955 0.952107 0.0428832 0.0946947
0 0.904325 0.786874 0.0415771 0.213626
0 0.973935 0.94853 0.0495234 0.10294
0 0.234158 0.575597 0.0194975 0.048212
0 0.27919 0.921694 0.0444259 0.156613
0 0.746499 0.630568 0.0264011 0.137877
0 0.963604 0.946567 0.0709904 0.106866
0 0.139236 0.617583 0.0304955 0.0677065
0 0.0394764 0.673298 0.0321025 0.0574878
0 0.952423 0.813909 0.0380276 0.128295
0 0.522526 0.957391 0.0455187 0.0852175
0 0.576009 0.714759 0.0308821 0.136771
