0 0.627714 0.892955 0.0577599 0.21409
0 0.887178 0.862359 0.0469681 0.233092
0 0.722979 0.66507 0.0367744 0.139305
6 0.426717 0.623621 0.808222 0.734486
0 0.816013 0.813696 0.0481852 0.181694
0 0.821842 0.925624 0.0382813 0.147409
0 0.205907 0.562014 0.0207471 0.0784492
0 0.856262 0.683766 0.0372536 0.14797
0 0.534455 0.760261 0.0557076 0.16338
0 0.235757 0.566281 0.0226148 0.0494871
0 0.0328848 0.672447 0.0369047 0.0656957
0 0.496287 0.737163 0.0237568 0.151456
0 0.968779 0.883457 0.0618362 0.14135
0 0.902866 0.58716 0.0240602 0.127064
0 0.966201 0.953056 0.0667152 0.0938883
0 0.248608 0.525581 0.0226017 0.0995534
