6 0.396033 0.648143 0.791893 0.69273
0 0.454354 0.897129 0.0471092 0.205743
0 0.876979 0.873543 0.0505299 0.200926
0 0.881101 0.695219 0.0361717 0.154838
0 0.834384 0.709105 0.0287169 0.155169
0 0.656166 0.776959 0.0336874 0.177563
0 0.619935 0.755502 0.0338211 0.147959
0 0.503372 0.91273 0.0485312 0.174539
0 0.701653 0.631095 0.0284115 0.141347
0 0.59029 0.731732 0.0324064 0.143124
0 0.33212 0.924644 0.0476589 0.150711
0 0.546095 0.929753 0.0369171 0.13874
0 0.727689 0.905041 0.0567551 0.189917
0 0.809466 0.680571 0.0291653 0.14792
0 0.613088 0.968492 0.0310662 0.0630159
0 0.962184 0.726364 0.0291275 0.164298
26 0.680968 0.757829 0.0222718 0.0555223
0 0.923713 0.654752 0.0239449 0.113558
0 0.217262 0.565556 0.0243969 0.052792
