0 0.896511 0.770652 0.0403866 0.186083
6 0.335033 0.684018 0.670066 0.608795
0 0.697317 0.910531 0.0451925 0.178938
0 0.283491 0.910028 0.0403556 0.179944
0 0.87591 0.958664 0.0510008 0.0826719
0 0.979366 0.833189 0.040745 0.207571
0 0.529369 0.941084 0.0428793 0.117833
0 0.839444 0.726154 0.0343147 0.163452
0 0.0911241 0.603506 0.024495 0.0951385
0 0.586265 0.856101 0.0579933 0.231482
0 0.539698 0.804879 0.0343052 0.215242
6 0.443441 0.641812 0.75732 0.699757
26 0.972283 0.806443 0.0251894 0.0668766
0 0.72473 0.678124 0.032501 0.154958
0 0.645733 0.698534 0.0262199 0.170676
0 0.0326646 0.602808 0.0295883 0.139306
0 0.223984 0.564506 0.0213809 0.049735
0 0.375853 0.951572 0.0420397 0.0933102
0 0.671349 0.735476 0.0260181 0.171427
0 0.693355 0.783246 0.029184 0.145508
0 0.884756 0.647031 0.0370647 0.139636
0 0.129839 0.614276 0.0291314 0.0906971
0 0.0572909 0.612698 0.0271526 0.101082
