0 0.616129 0.718074 0.0332804 0.173929
0 0.828982 0.895262 0.0454678 0.206886
0 0.665999 0.841862 0.0573202 0.219278
0 0.436896 0.908846 0.0489752 0.182308
0 0.900207 0.811774 0.0427132 0.206287
0 0.568401 0.779761 0.0457102 0.150709
0 0.820432 0.771629 0.042079 0.168349
0 0.946722 0.919186 0.058639 0.161628
0 0.477008 0.778308 0.0414128 0.205516
0 0.853758 0.66585 0.030599 0.136995
0 0.504685 0.760833 0.0362715 0.192152
24 0.637575 0.863106 0.0228843 0.061971
0 0.740233 0.642731 0.0279453 0.134111
26 0.639317 0.853428 0.0214092 0.0763523
0 0.950445 0.821903 0.0515368 0.11712
0 0.0394488 0.674113 0.0322986 0.0611994
0 0.140168 0.615734 0.0323949 0.0626175
0 0.342965 0.936407 0.0624982 0.127186
