6 0.414743 0.636052 0.829401 0.714851
0 0.911502 0.841406 0.0497643 0.211717
0 0.637756 0.87877 0.0389364 0.181656
0 0.712116 0.736341 0.0410133 0.182487
0 0.836964 0.794775 0.0366619 0.176441
0 0.54923 0.878634 0.0353618 0.195772
0 0.89585 0.708801 0.0426136 0.193644
0 0.985069 0.898934 0.0293079 0.202132
26 0.967899 0.887106 0.0272715 0.0864405
0 0.297534 0.920771 0.0346057 0.158458
0 0.226635 0.574842 0.0212265 0.048694
0 0.596345 0.870799 0.0347028 0.213014
0 0.85792 0.622997 0.0236801 0.116298
0 0.0974603 0.611379 0.0223867 0.0996389
0 0.461769 0.767396 0.0267193 0.156398
0 0.591222 0.883534 0.0358307 0.215059
0 0.838157 0.680211 0.0354805 0.0862369
