6 0.416403 0.642026 0.830704 0.703901
0 0.902167 0.816021 0.0454836 0.202877
0 0.62596 0.896306 0.0412092 0.207388
0 0.578832 0.853728 0.0373564 0.195911
0 0.840926 0.771575 0.0370203 0.174729
0 0.892206 0.689078 0.0405464 0.172832
0 0.717609 0.71519 0.0386484 0.168516
0 0.226848 0.574894 0.0211675 0.0452503
0 0.980822 0.889154 0.0377802 0.215746
26 0.97412 0.856696 0.0288422 0.081407
0 0.0554984 0.60348 0.0320392 0.126863
0 0.502717 0.960783 0.0394463 0.0784336
0 0.655938 0.847817 0.0312254 0.17557
0 0.121965 0.594472 0.0233734 0.0987734
0 0.0845529 0.61707 0.0278647 0.104373
0 0.524092 0.908046 0.0353273 0.174558
0 0.971918 0.768717 0.0360935 0.177623
0 0.927517 0.745974 0.033852 0.140022
0 0.842973 0.666212 0.0349009 0.0938504
