0 0.624986 0.720581 0.0310383 0.170897
0 0.667268 0.818153 0.0508419 0.2019
0 0.828214 0.891888 0.0455975 0.211897
0 0.452787 0.897008 0.0502264 0.205984
0 0.485157 0.77577 0.0394838 0.189998
0 0.819889 0.766054 0.0390604 0.16341
6 0.33969 0.685966 0.673816 0.602625
0 0.960572 0.952784 0.0631554 0.0944318
0 0.85379 0.658283 0.0289829 0.127125
0 0.352588 0.951593 0.0541556 0.0961988
0 0.904469 0.795076 0.0413553 0.203799
0 0.943929 0.919747 0.0535767 0.155302
0 0.578327 0.776605 0.0358189 0.137725
0 0.234359 0.574504 0.020085 0.0445006
0 0.954193 0.810321 0.0449739 0.118095
0 0.742738 0.63508 0.0270395 0.13817
0 0.14011 0.615978 0.0320874 0.0667133
0 0.0391172 0.673943 0.0317385 0.0598436
26 0.643759 0.848824 0.0207219 0.0725606
