6 0.412223 0.623543 0.812327 0.733868
0 0.606796 0.922252 0.0729815 0.155496
0 0.880863 0.899638 0.0561209 0.200724
0 0.853357 0.714787 0.0422256 0.160006
0 0.714079 0.698797 0.0427357 0.159124
0 0.820112 0.958276 0.0481087 0.0834479
0 0.820792 0.852368 0.04869 0.179948
0 0.814321 0.859308 0.0373939 0.165789
0 0.899276 0.585714 0.0289928 0.128112
0 0.141976 0.612984 0.0313941 0.0880867
0 0.0353039 0.664861 0.0356951 0.0685652
0 0.929053 0.563881 0.0201368 0.0916551
0 0.307242 0.513996 0.0270639 0.0765623
