6 0.408478 0.645779 0.797775 0.698538
0 0.883946 0.893608 0.0461792 0.210857
0 0.884939 0.698775 0.035334 0.159406
0 0.968745 0.738297 0.0382948 0.1692
0 0.422707 0.914877 0.0387346 0.170247
0 0.304131 0.918193 0.0441631 0.163315
0 0.68664 0.899818 0.0550055 0.200365
0 0.546883 0.929849 0.0345551 0.139656
0 0.573207 0.74412 0.0340748 0.13689
0 0.634619 0.785616 0.031501 0.174478
0 0.486543 0.913892 0.0459734 0.172216
0 0.612816 0.754301 0.0254793 0.147059
0 0.930009 0.664235 0.0276325 0.124635
0 0.218145 0.568479 0.0232149 0.0484268
0 0.822586 0.738971 0.0264759 0.143506
0 0.694371 0.638638 0.0239552 0.138334
0 0.801393 0.695612 0.0274481 0.148989
