0 0.890154 0.733817 0.0363602 0.170038
0 0.641715 0.825815 0.0486308 0.189188
6 0.41052 0.641464 0.805223 0.692579
0 0.579289 0.845126 0.03447 0.197204
24 0.967316 0.763157 0.0212124 0.0599581
0 0.876004 0.925245 0.0505703 0.14951
0 0.550106 0.9323 0.0315985 0.1354
0 0.61512 0.743015 0.0303118 0.160242
0 0.978691 0.78648 0.0416649 0.190228
0 0.6719 0.662073 0.0288464 0.146895
0 0.12671 0.599581 0.0339906 0.070793
0 0.846547 0.692247 0.0275097 0.153394
0 0.346003 0.926836 0.0534608 0.146329
0 0.537071 0.778385 0.0454922 0.181462
0 0.463999 0.955558 0.0331145 0.0875636
0 0.416443 0.927609 0.0297219 0.144639
0 0.505799 0.73488 0.0298582 0.173721
0 0.403484 0.927026 0.055463 0.145948
0 0.731817 0.671312 0.037122 0.184875
0 0.0392017 0.63147 0.0254657 0.0813731
0 0.94167 0.68968 0.0256752 0.133504
