0 0.913828 0.86544 0.0481846 0.218683
0 0.609105 0.910217 0.0369061 0.179565
0 0.509635 0.904421 0.0547344 0.191159
0 0.69881 0.762832 0.0369789 0.181482
0 0.414132 0.92816 0.0353732 0.14368
0 0.975534 0.91553 0.0483532 0.168941
0 0.561209 0.844382 0.0388403 0.216215
0 0.896459 0.724278 0.0405462 0.200463
6 0.455698 0.63679 0.891883 0.726421
0 0.834632 0.822598 0.0362383 0.192756
0 0.984931 0.792805 0.0291821 0.144503
0 0.281765 0.917554 0.0403922 0.164373
0 0.758447 0.597527 0.02645 0.132428
0 0.440049 0.967255 0.0286571 0.065491
0 0.229163 0.573784 0.0233035 0.0452737
0 0.0307405 0.671957 0.027033 0.0579746
26 0.959307 0.925254 0.0293484 0.0730428
0 0.62447 0.708654 0.0305823 0.160451
0 0.838306 0.813297 0.0296234 0.164325
0 0.133139 0.623604 0.0297146 0.0782592
0 0.856568 0.636929 0.0233727 0.117745
