0 0.624496 0.895373 0.0530365 0.209254
0 0.887055 0.862498 0.0470406 0.234725
0 0.724877 0.667685 0.0335497 0.136173
6 0.435177 0.626394 0.814524 0.726602
0 0.81582 0.815652 0.046497 0.181734
0 0.856894 0.688817 0.0392708 0.1507
0 0.236367 0.566451 0.0238103 0.0499119
0 0.534146 0.756944 0.0526008 0.169094
0 0.492295 0.739936 0.0244174 0.151947
0 0.973405 0.889454 0.0526812 0.141757
0 0.207871 0.559025 0.0188719 0.0755934
0 0.820875 0.928196 0.0373203 0.143608
0 0.967025 0.952934 0.0651276 0.0941318
0 0.0322096 0.672435 0.0375474 0.0643104
24 0.594005 0.93834 0.022234 0.0683614
