6 0.434055 0.636552 0.854555 0.703629
0 0.903972 0.805582 0.0424717 0.201278
0 0.844043 0.762383 0.0382225 0.168158
0 0.547585 0.90233 0.0448212 0.193818
0 0.512981 0.958632 0.0505997 0.0827355
0 0.893266 0.682085 0.0405334 0.171902
0 0.593247 0.842406 0.0408169 0.197408
0 0.499906 0.77298 0.0286398 0.159649
0 0.112688 0.598556 0.0265963 0.107027
0 0.0757851 0.616722 0.0296839 0.10852
0 0.0470121 0.602077 0.0313154 0.124493
0 0.645265 0.906304 0.0479433 0.187392
0 0.723355 0.706362 0.036353 0.159601
0 0.631149 0.758325 0.041333 0.175734
0 0.982761 0.873497 0.0339651 0.216988
0 0.226956 0.575479 0.0220551 0.0461117
0 0.925238 0.727074 0.0293489 0.12051
26 0.976885 0.835807 0.0258602 0.0800652
0 0.666816 0.676021 0.0279961 0.140313
0 0.477219 0.750239 0.0245172 0.114936
0 0.97251 0.755047 0.037339 0.157838
24 0.978099 0.835989 0.028611 0.0895189
0 0.862219 0.600431 0.0251541 0.0986318
0 0.530297 0.768675 0.0245018 0.133283
