0 0.886537 0.708601 0.0366245 0.172636
0 0.883236 0.902225 0.0437195 0.195158
0 0.697784 0.790745 0.042625 0.1776
0 0.400932 0.926299 0.0451226 0.147021
0 0.973509 0.754038 0.0355297 0.176726
0 0.546602 0.9299 0.0355797 0.139032
6 0.413182 0.643867 0.789072 0.705947
0 0.558423 0.753253 0.0320971 0.145958
0 0.645405 0.891443 0.0410468 0.213814
0 0.798701 0.737967 0.0384876 0.153769
0 0.602648 0.78996 0.0352367 0.183019
0 0.274436 0.920287 0.0445589 0.159426
0 0.534867 0.731306 0.0274099 0.159735
0 0.476337 0.924405 0.0343515 0.147707
0 0.934745 0.672029 0.0274578 0.126257
0 0.687632 0.64376 0.0289785 0.143146
0 0.219284 0.567047 0.0237556 0.0440516
