0 0.669161 0.813352 0.0473095 0.183357
6 0.417853 0.641928 0.789685 0.700468
0 0.891603 0.73038 0.0367043 0.166013
0 0.594416 0.859622 0.0559675 0.20898
0 0.880519 0.916999 0.0491051 0.166002
0 0.371295 0.933797 0.0562111 0.132407
0 0.619257 0.726389 0.0299929 0.151383
0 0.979113 0.775257 0.0405569 0.180048
24 0.966113 0.745892 0.0221863 0.0621663
0 0.549481 0.930941 0.0308077 0.138117
0 0.675866 0.648858 0.0284086 0.137825
0 0.511797 0.735612 0.0295135 0.169757
0 0.125444 0.603731 0.0341145 0.0732146
0 0.847207 0.687309 0.0261372 0.167712
0 0.941697 0.685405 0.0274485 0.13002
0 0.539244 0.753838 0.0336662 0.145076
0 0.880772 0.940896 0.044759 0.118207
0 0.817508 0.972418 0.0347528 0.0551635
0 0.489374 0.960162 0.0310611 0.0796753
0 0.972997 0.781099 0.0402058 0.170009
0 0.420027 0.924096 0.0641173 0.151808
0 0.966362 0.78046 0.0271229 0.167733
