0 0.369537 0.917771 0.059667 0.160853
0 0.87665 0.848625 0.045846 0.197554
6 0.397094 0.648392 0.787529 0.69043
0 0.702733 0.772793 0.035001 0.17869
0 0.883618 0.669692 0.0352577 0.173185
0 0.478601 0.856591 0.0409086 0.185503
0 0.661251 0.76294 0.0337282 0.143264
0 0.484074 0.854188 0.0287778 0.1835
0 0.787759 0.882467 0.056572 0.168206
0 0.216135 0.56355 0.024994 0.0480006
0 0.625801 0.754461 0.0319794 0.15219
0 0.842428 0.695341 0.0293434 0.138887
0 0.543982 0.92895 0.035637 0.1421
0 0.120478 0.59546 0.0350287 0.0694829
0 0.91858 0.643752 0.0252514 0.11344
0 0.650387 0.950129 0.0530457 0.0997421
0 0.777191 0.742978 0.0311699 0.144757
