6 0.336546 0.681743 0.673092 0.61382
0 0.901723 0.788806 0.0442638 0.184905
0 0.524145 0.95085 0.0563509 0.0982995
0 0.841953 0.741307 0.0353825 0.165288
0 0.667086 0.896199 0.0475922 0.207603
24 0.975272 0.828093 0.0261074 0.0665229
0 0.59555 0.813487 0.0356078 0.179256
0 0.565987 0.891851 0.0396069 0.208757
0 0.102743 0.60285 0.0251179 0.0921353
0 0.532932 0.790098 0.0291234 0.198054
0 0.505799 0.765599 0.0347031 0.156392
0 0.721855 0.686814 0.0330238 0.162528
0 0.650441 0.749849 0.0310719 0.165136
0 0.464293 0.779481 0.037602 0.189273
0 0.322489 0.937401 0.04021 0.125198
0 0.226356 0.570551 0.0206154 0.0440502
0 0.647595 0.733678 0.0372019 0.202983
0 0.970677 0.740867 0.0299225 0.154886
0 0.892302 0.667752 0.0393108 0.162502
0 0.884006 0.9719 0.0229939 0.0555142
0 0.042376 0.606268 0.0293098 0.136967
6 0.43891 0.648393 0.751704 0.695069
0 0.352479 0.95301 0.0416195 0.0870763
0 0.990627 0.860354 0.0180023 0.216126
0 0.681421 0.782251 0.0283683 0.102843
0 0.2745 0.91292 0.0365959 0.172084
0 0.927569 0.710152 0.0265583 0.110695
24 0.658442 0.881262 0.0201148 0.0650814
