0 0.628727 0.890393 0.0622723 0.219214
0 0.723037 0.662487 0.0369112 0.144676
0 0.887182 0.862675 0.0480522 0.236573
0 0.855955 0.689178 0.0384026 0.150638
6 0.433105 0.621917 0.827971 0.739227
0 0.816316 0.812532 0.0482721 0.18199
0 0.822546 0.924402 0.0401058 0.147277
26 0.600431 0.906432 0.0234856 0.117818
0 0.20414 0.561431 0.0223934 0.084324
0 0.967341 0.950703 0.0640013 0.0985933
0 0.0334286 0.671474 0.035629 0.0639086
0 0.549001 0.756948 0.0310625 0.16565
0 0.501306 0.738344 0.0282927 0.15742
0 0.235143 0.568174 0.0198632 0.042413
0 0.901646 0.585351 0.023641 0.120609
0 0.980538 0.878263 0.0384369 0.134756
28 0.740878 0.701478 0.0192345 0.0531586
