6 0.336181 0.681353 0.672363 0.615928
0 0.894604 0.762538 0.0393026 0.185025
0 0.599253 0.854841 0.0411926 0.206818
0 0.537802 0.939102 0.0420369 0.121796
0 0.540795 0.807683 0.0412542 0.208084
6 0.417819 0.635531 0.81309 0.698784
0 0.286818 0.917694 0.0427745 0.164611
0 0.0813803 0.604075 0.0262744 0.0935706
0 0.840153 0.719624 0.0372677 0.163829
0 0.721159 0.923299 0.0522917 0.153403
0 0.88121 0.946532 0.0577189 0.104574
0 0.222803 0.563763 0.0222979 0.0533803
0 0.127623 0.597471 0.0325626 0.065814
0 0.981101 0.816412 0.0372936 0.191382
24 0.971115 0.788549 0.0244259 0.0704536
0 0.648044 0.690479 0.0258614 0.183108
0 0.394676 0.953964 0.0393462 0.0900711
0 0.495591 0.765478 0.0304869 0.178736
