6 0.405355 0.642163 0.803495 0.684703
0 0.903123 0.794563 0.044274 0.188783
0 0.659747 0.908719 0.0401651 0.182561
0 0.517933 0.955175 0.0512514 0.0890977
0 0.841389 0.751803 0.0375912 0.172193
0 0.558284 0.898368 0.0492474 0.20055
0 0.592505 0.826731 0.0341255 0.179651
0 0.106033 0.601328 0.0256442 0.102599
0 0.721811 0.701229 0.0374398 0.159351
0 0.0437473 0.605629 0.0360401 0.133527
0 0.531404 0.790383 0.0318357 0.189685
0 0.505466 0.769765 0.0276031 0.154929
0 0.0739196 0.618344 0.0275326 0.103255
26 0.976662 0.831578 0.0258659 0.0765618
0 0.226637 0.570613 0.0219073 0.0441782
0 0.89384 0.663235 0.039772 0.148141
24 0.977426 0.830828 0.0283138 0.0831865
0 0.611184 0.699678 0.0278102 0.144838
0 0.89361 0.63949 0.0386826 0.0965934
