0 0.893433 0.7496 0.0426838 0.181321
6 0.413068 0.638228 0.790562 0.703243
0 0.617728 0.847349 0.0468506 0.195531
0 0.878333 0.939019 0.053536 0.117889
0 0.551554 0.807574 0.0345816 0.191813
0 0.546851 0.939798 0.0454254 0.120405
0 0.746758 0.932321 0.0751051 0.135359
0 0.837601 0.705212 0.0328304 0.157168
0 0.300704 0.917242 0.0510118 0.165109
0 0.0697785 0.610284 0.0302366 0.093162
0 0.984109 0.809089 0.0310343 0.200659
0 0.511455 0.771785 0.0376213 0.182207
0 0.127235 0.596146 0.0329911 0.0648804
0 0.698776 0.721464 0.0334661 0.154905
0 0.47249 0.733878 0.0302877 0.161637
0 0.378118 0.923932 0.0353102 0.149268
24 0.970077 0.783063 0.0208733 0.0579017
0 0.415571 0.955078 0.0347796 0.0846811
0 0.0362455 0.619789 0.0280955 0.087725
0 0.222165 0.5587 0.019702 0.0478319
