6 0.437463 0.636764 0.842108 0.699723
0 0.896181 0.77297 0.0426308 0.188303
0 0.693195 0.908584 0.0436646 0.182831
0 0.526933 0.94403 0.0458556 0.111939
0 0.537151 0.797631 0.0314653 0.199659
0 0.726248 0.679195 0.0338132 0.154522
0 0.585017 0.872604 0.0555265 0.205919
0 0.875777 0.960058 0.0504381 0.0798848
0 0.839393 0.730763 0.0342308 0.16218
0 0.979443 0.833787 0.040588 0.206306
0 0.0935677 0.603541 0.0249442 0.0940945
0 0.281252 0.908729 0.0351578 0.182542
0 0.0341378 0.605112 0.0312786 0.147094
0 0.98526 0.831408 0.0287632 0.204739
0 0.601256 0.799548 0.0335703 0.188755
26 0.972059 0.812257 0.0259268 0.0567179
0 0.224069 0.563446 0.0218235 0.0476125
0 0.108553 0.232968 0.0191639 0.0986465
0 0.05901 0.613597 0.0257766 0.102424
0 0.512982 0.759951 0.0275278 0.153834
0 0.645597 0.697009 0.0260643 0.177302
0 0.886642 0.649386 0.0356968 0.141642
0 0.343673 0.937998 0.0351748 0.124005
0 0.130538 0.610551 0.02753 0.0800746
