0 0.647402 0.853749 0.0454588 0.214279
0 0.598235 0.738649 0.0451479 0.171648
0 0.898121 0.820336 0.0438431 0.207858
0 0.818218 0.903958 0.0460863 0.192084
6 0.334468 0.689164 0.668935 0.602136
0 0.319108 0.935646 0.0520743 0.128708
0 0.856478 0.669309 0.0331905 0.145087
0 0.732746 0.645107 0.0317488 0.129184
0 0.816261 0.779329 0.0380625 0.164621
0 0.485831 0.738937 0.0277259 0.175726
0 0.535921 0.785557 0.0525856 0.138983
0 0.465523 0.751592 0.0226574 0.183014
0 0.948573 0.928127 0.0596958 0.143745
0 0.65079 0.608839 0.0299927 0.147112
0 0.538034 0.767311 0.0450838 0.174462
0 0.406906 0.906917 0.0462315 0.186166
0 0.966872 0.838664 0.0370029 0.121104
0 0.0397264 0.674931 0.0322673 0.0613073
0 0.876425 0.556466 0.0204826 0.0994923
26 0.621278 0.881856 0.0196608 0.0558231
0 0.731001 0.647964 0.0209975 0.131946
0 0.905126 0.587354 0.0254127 0.120984
0 0.960228 0.96965 0.0341221 0.0606993
