0 0.876684 0.853582 0.0429974 0.190385
0 0.770275 0.903289 0.0566891 0.193421
0 0.882093 0.68926 0.0351151 0.177598
6 0.402123 0.648899 0.799636 0.695504
0 0.466328 0.873829 0.0399453 0.201373
0 0.840705 0.701035 0.0266672 0.15086
0 0.216379 0.564156 0.0247156 0.0505619
0 0.544267 0.933203 0.0365163 0.133593
0 0.622164 0.757746 0.0316393 0.146864
0 0.355063 0.929123 0.053938 0.141345
0 0.678707 0.777694 0.0394577 0.170697
0 0.635797 0.959785 0.0446449 0.0790974
0 0.59696 0.717191 0.028454 0.141688
0 0.592828 0.703633 0.0319584 0.15886
0 0.348339 0.933091 0.0389174 0.133818
0 0.519362 0.902354 0.0470919 0.195291
0 0.121069 0.608061 0.0333484 0.0915304
0 0.812587 0.668849 0.0249969 0.132531
