0 0.893882 0.748102 0.0424938 0.178119
0 0.616271 0.846291 0.0403868 0.197021
0 0.552917 0.807227 0.0334473 0.187744
6 0.418995 0.641939 0.803922 0.700559
0 0.547571 0.938505 0.0466855 0.12299
0 0.749841 0.935155 0.073199 0.129689
0 0.836888 0.705279 0.0353718 0.156176
0 0.878396 0.939886 0.0529453 0.119403
0 0.380433 0.924358 0.036265 0.150106
0 0.983584 0.807996 0.0320766 0.202452
0 0.0686186 0.612041 0.0312622 0.0955579
0 0.127268 0.596057 0.0329528 0.0647677
0 0.701107 0.721712 0.0312431 0.155112
24 0.969774 0.783508 0.0204906 0.0582289
0 0.513431 0.773151 0.0352064 0.177668
0 0.299624 0.91716 0.0469618 0.165093
0 0.475808 0.731123 0.0311056 0.160619
0 0.222214 0.558968 0.0199911 0.0488545
