0 0.834182 0.852417 0.0372051 0.196615
0 0.928258 0.896733 0.0519211 0.206534
0 0.688136 0.790332 0.0497559 0.200748
0 0.323604 0.933745 0.0436046 0.13251
0 0.483881 0.867879 0.0448662 0.201179
0 0.39532 0.955062 0.0429097 0.0898765
0 0.913773 0.766011 0.0378553 0.171574
0 0.826072 0.737947 0.0402525 0.149498
0 0.855238 0.641831 0.025358 0.126722
0 0.190586 0.563148 0.0217156 0.0935425
0 0.979832 0.934674 0.039769 0.130652
0 0.513422 0.803957 0.040311 0.19564
26 0.81794 0.831504 0.0152351 0.052616
0 0.619265 0.75292 0.0333158 0.139431
6 0.436842 0.646765 0.774377 0.697849
0 0.439062 0.917148 0.0385657 0.165704
0 0.595131 0.716532 0.0286039 0.163258
26 0.664592 0.817326 0.0189915 0.0574439
0 0.231767 0.571426 0.0240242 0.046746
0 0.751025 0.620209 0.0236191 0.133532
0 0.697508 0.592411 0.0264371 0.131237
