0 0.928579 0.89859 0.0540306 0.20282
0 0.832239 0.863068 0.0388371 0.197146
0 0.68268 0.798148 0.0434738 0.200425
6 0.441231 0.644345 0.856951 0.711311
0 0.311846 0.93417 0.049154 0.13166
0 0.912108 0.770345 0.0379135 0.180036
0 0.388466 0.955151 0.0415885 0.0892097
0 0.193512 0.562296 0.0208477 0.0959357
0 0.855755 0.64471 0.028714 0.133689
0 0.613717 0.753696 0.0333603 0.150525
0 0.507307 0.796439 0.038756 0.198741
0 0.591449 0.722959 0.0337134 0.162347
0 0.480854 0.872489 0.0425285 0.19835
0 0.429541 0.917091 0.0486225 0.165819
0 0.979513 0.940834 0.0404598 0.118332
0 0.822662 0.743362 0.036405 0.15678
0 0.231817 0.571069 0.0240306 0.0462128
0 0.749368 0.617941 0.0268013 0.127878
6 0.344504 0.679423 0.684553 0.620119
0 0.538819 0.7503 0.0351472 0.163845
26 0.817353 0.836859 0.0169607 0.0569485
