0 0.65994 0.818397 0.0425899 0.1853
0 0.58666 0.851119 0.0484606 0.204794
6 0.409703 0.642189 0.798014 0.691086
0 0.87876 0.921345 0.0488802 0.15731
0 0.890653 0.734406 0.0363754 0.171535
0 0.673433 0.65768 0.0280863 0.140082
0 0.978641 0.784381 0.041091 0.186627
0 0.354982 0.929428 0.0486175 0.141145
24 0.9671 0.760273 0.0208851 0.058499
0 0.616126 0.735633 0.0274683 0.137618
0 0.125578 0.599948 0.0339113 0.0701199
0 0.846484 0.691174 0.0330711 0.161141
0 0.506827 0.745073 0.0283895 0.146239
0 0.971727 0.793155 0.0310814 0.174622
0 0.532909 0.765463 0.0321821 0.167415
0 0.0243079 0.634637 0.0391969 0.0977347
0 0.222309 0.565125 0.0223801 0.0464776
0 0.91474 0.684325 0.0322214 0.163267
