0 0.619888 0.89703 0.0471037 0.20594
6 0.436399 0.627601 0.817445 0.726683
0 0.886067 0.868041 0.0474485 0.228345
0 0.726277 0.676716 0.0302094 0.150352
0 0.815539 0.817644 0.0489494 0.177362
0 0.857414 0.685897 0.0366776 0.142858
0 0.525268 0.754222 0.0414272 0.17134
0 0.970834 0.894834 0.0578281 0.140763
0 0.234917 0.565882 0.0247817 0.0509476
0 0.209812 0.556272 0.0194261 0.0811946
0 0.816847 0.93387 0.0453522 0.132261
26 0.592278 0.948703 0.0253996 0.0818922
0 0.904605 0.739334 0.0609482 0.115875
