0 0.902458 0.78902 0.0442184 0.191646
6 0.410356 0.639905 0.811173 0.695891
0 0.665052 0.907637 0.0419601 0.184726
0 0.52421 0.952276 0.0567396 0.0954478
0 0.842584 0.743081 0.0355503 0.16663
0 0.594454 0.814718 0.0364046 0.177885
0 0.564187 0.891619 0.0430412 0.203269
0 0.892865 0.666944 0.0391665 0.160564
0 0.53221 0.789053 0.0321375 0.199715
0 0.649703 0.750285 0.0313351 0.166016
0 0.721941 0.687779 0.0357491 0.163479
26 0.975245 0.832131 0.0255333 0.0662272
0 0.104022 0.601613 0.0265926 0.0919988
24 0.975676 0.828296 0.0268887 0.0741596
0 0.505867 0.764547 0.0317474 0.155915
0 0.0430476 0.601815 0.0289155 0.128516
0 0.22601 0.569901 0.0214943 0.051525
0 0.461757 0.77468 0.0307043 0.174665
0 0.0682333 0.613212 0.0280687 0.102755
0 0.349469 0.953625 0.0444851 0.087755
0 0.645789 0.731366 0.0366274 0.198925
24 0.655519 0.88213 0.0183048 0.0690124
0 0.680944 0.78216 0.0267719 0.102678
0 0.321673 0.937095 0.0397185 0.12411
0 0.971911 0.742208 0.0300953 0.158088
0 0.927211 0.71083 0.0264263 0.106239
0 0.990238 0.861636 0.0189159 0.230581
0 0.1291 0.609903 0.0303431 0.0665353
