0 0.641519 0.863877 0.0436527 0.221723
0 0.81766 0.904291 0.0460234 0.191418
0 0.857297 0.668999 0.0291912 0.138081
0 0.817152 0.779893 0.0403883 0.164042
0 0.895726 0.829364 0.0443977 0.205832
0 0.58714 0.747513 0.0381113 0.15174
0 0.312263 0.923355 0.0584039 0.15329
0 0.732485 0.652355 0.028512 0.140664
0 0.950027 0.928286 0.0670267 0.139358
6 0.488209 0.616109 0.929841 0.750633
26 0.618124 0.889995 0.0225389 0.0675424
0 0.878842 0.554435 0.0207939 0.102308
0 0.960104 0.848545 0.0492905 0.12954
0 0.905083 0.593427 0.0251177 0.111102
0 0.424009 0.945594 0.0511088 0.108813
0 0.645383 0.613733 0.0266857 0.136607
0 0.0400706 0.673414 0.03195 0.0620064
0 0.395217 0.912233 0.0408595 0.172101
0 0.482898 0.737854 0.026256 0.170799
24 0.618217 0.891836 0.0206797 0.0664697
