0 0.631741 0.887947 0.0657419 0.224105
0 0.724129 0.662253 0.0339318 0.145656
6 0.344261 0.678844 0.668324 0.623527
0 0.886754 0.861085 0.0458242 0.240552
0 0.815987 0.801405 0.0467554 0.166271
0 0.966653 0.944926 0.0664412 0.110148
0 0.855589 0.684755 0.035071 0.1473
0 0.819032 0.920643 0.0490368 0.158714
26 0.606745 0.929784 0.027395 0.0739973
26 0.606452 0.906667 0.0271264 0.114269
0 0.901399 0.589791 0.0238728 0.11561
0 0.244207 0.529471 0.021666 0.101855
0 0.96711 0.876 0.0621767 0.1453
0 0.142337 0.625448 0.0278519 0.0962719
0 0.901653 0.731586 0.0530605 0.117752
0 0.553259 0.775979 0.0234302 0.124865
0 0.0339996 0.671939 0.0320515 0.0623411
0 0.824928 0.920423 0.0362366 0.135566
0 0.540194 0.772643 0.0489494 0.129187
0 0.55639 0.748227 0.0231374 0.170473
0 0.978967 0.873586 0.0392834 0.139842
0 0.14218 0.610323 0.028468 0.0687545
0 0.36686 0.961431 0.0366149 0.0771391
