0 0.6351 0.867433 0.0432729 0.227936
0 0.892134 0.831208 0.0456882 0.223016
0 0.816869 0.787071 0.0454676 0.157306
0 0.816826 0.914383 0.0467899 0.171235
0 0.286064 0.920329 0.0573165 0.159342
0 0.857378 0.675931 0.0310062 0.139681
0 0.72808 0.652381 0.030036 0.137851
0 0.957615 0.936937 0.0617966 0.126126
0 0.57654 0.722224 0.0359091 0.201962
0 0.235868 0.536326 0.0220752 0.104062
0 0.633041 0.628154 0.0276794 0.123273
26 0.61288 0.900724 0.0198244 0.0661211
0 0.904984 0.591255 0.0251675 0.117524
6 0.351404 0.670575 0.70235 0.640245
0 0.0367425 0.674944 0.0321101 0.0606696
0 0.961871 0.852405 0.0598244 0.128758
0 0.189856 0.572952 0.0254968 0.0828117
0 0.822846 0.900815 0.0351467 0.144067
0 0.139966 0.617337 0.0324269 0.069179
0 0.959436 0.576727 0.0309483 0.127379
