0 0.667788 0.815513 0.0442419 0.202126
0 0.626461 0.72007 0.0329657 0.171063
0 0.828893 0.890404 0.0439978 0.206549
6 0.339273 0.685735 0.67326 0.603899
0 0.486475 0.779254 0.0405592 0.189222
0 0.81987 0.762989 0.0386753 0.159831
0 0.962688 0.953148 0.0621962 0.0937029
0 0.942808 0.912829 0.0545963 0.173355
0 0.451087 0.900609 0.0413116 0.198783
0 0.581543 0.767665 0.032862 0.150327
0 0.904301 0.800999 0.0424892 0.197535
0 0.854221 0.658136 0.0282448 0.126074
0 0.955159 0.810301 0.0438137 0.117454
0 0.353364 0.951822 0.050113 0.0959534
0 0.742694 0.634242 0.0262154 0.131657
0 0.0390259 0.674265 0.0322104 0.0612249
0 0.140015 0.616051 0.0319809 0.0648117
0 0.492727 0.937527 0.028108 0.124945
0 0.234426 0.574634 0.0197112 0.0444116
0 0.387908 0.923321 0.0382513 0.14526
