0 0.778796 0.900264 0.0606796 0.192791
0 0.882905 0.677817 0.0366207 0.181108
0 0.876136 0.85239 0.0441807 0.193957
0 0.216027 0.563058 0.0252809 0.0486177
0 0.363111 0.93063 0.0608782 0.138739
0 0.84218 0.704997 0.0266977 0.14122
0 0.697085 0.772243 0.0335117 0.171463
0 0.471447 0.866263 0.0428565 0.185545
0 0.544394 0.93337 0.0355776 0.133261
0 0.622925 0.758029 0.0324551 0.145476
6 0.396499 0.649998 0.790498 0.69375
0 0.479978 0.864455 0.025881 0.169803
0 0.815138 0.664022 0.0272011 0.132356
0 0.52167 0.912456 0.038894 0.175087
0 0.960849 0.704702 0.0287445 0.15851
0 0.919459 0.645189 0.0259472 0.113149
