6 0.414706 0.643681 0.812542 0.69937
0 0.9037 0.807811 0.0420227 0.195108
0 0.631363 0.902505 0.0506592 0.19499
0 0.586525 0.851582 0.0411014 0.199635
0 0.843862 0.766519 0.0374599 0.170726
0 0.536307 0.907771 0.0410302 0.184457
0 0.892125 0.685752 0.0393063 0.172776
0 0.724022 0.710064 0.0397255 0.163224
0 0.227248 0.574797 0.0220769 0.0472192
0 0.0786552 0.611991 0.0290095 0.108271
0 0.982197 0.877417 0.0351013 0.231115
24 0.976885 0.847472 0.0293598 0.0810974
0 0.509056 0.96032 0.0481254 0.0793605
0 0.115924 0.601748 0.0235668 0.102229
26 0.976108 0.847647 0.0270439 0.076907
0 0.661871 0.837652 0.0368798 0.170103
0 0.493313 0.772514 0.0270109 0.152889
0 0.0508964 0.601347 0.0291402 0.125015
0 0.843064 0.657952 0.0361797 0.084
0 0.624715 0.767348 0.0355766 0.158732
0 0.967789 0.762599 0.0469576 0.173991
0 0.132532 0.621907 0.0284392 0.0627346
