0 0.631851 0.883953 0.0557511 0.208702
0 0.8896 0.7185 0.0330166 0.162256
0 0.973628 0.760519 0.0391846 0.177539
0 0.685553 0.799155 0.0435177 0.182878
0 0.547249 0.929609 0.0379108 0.140782
0 0.551264 0.755982 0.0335173 0.148366
0 0.882682 0.905522 0.0449772 0.188956
0 0.388022 0.931261 0.0401975 0.137478
0 0.936708 0.675411 0.0280197 0.132907
6 0.408545 0.650232 0.7943 0.699537
0 0.68357 0.654449 0.0304523 0.149897
0 0.590895 0.786999 0.0454992 0.187302
0 0.528085 0.729868 0.0275039 0.163468
0 0.789329 0.747885 0.0292187 0.146564
0 0.460269 0.935902 0.0323219 0.128195
0 0.512678 0.960261 0.0319069 0.0794776
0 0.84775 0.682448 0.0263859 0.151228
