6 0.417812 0.623203 0.810452 0.734433
0 0.605675 0.922892 0.0727628 0.152344
0 0.882216 0.899768 0.0559259 0.200463
0 0.852896 0.716647 0.0432777 0.159776
0 0.715038 0.700354 0.0401712 0.15727
0 0.820198 0.960111 0.0474245 0.0797783
0 0.821341 0.854698 0.0505859 0.181702
0 0.141898 0.610135 0.0313561 0.0868739
0 0.81456 0.864289 0.0383766 0.163496
0 0.899483 0.58795 0.0278786 0.120435
0 0.914431 0.759655 0.0623907 0.114676
0 0.929087 0.56208 0.0208338 0.0953001
0 0.236079 0.548021 0.0210731 0.0800412
0 0.0354664 0.664845 0.0356009 0.0671085
0 0.30177 0.907292 0.0410537 0.185416
