0 0.675966 0.899833 0.0677015 0.199624
0 0.88284 0.895636 0.0471188 0.206496
0 0.885269 0.705624 0.0376583 0.168903
6 0.402528 0.649531 0.800758 0.700534
0 0.290778 0.925656 0.0468826 0.148687
0 0.412167 0.917559 0.0365635 0.164881
0 0.96998 0.741697 0.0359444 0.168456
0 0.566156 0.741904 0.0361479 0.142537
0 0.715684 0.785325 0.036976 0.179171
0 0.816167 0.7235 0.0271931 0.168386
0 0.544916 0.929809 0.0375634 0.140383
0 0.9325 0.6632 0.0290007 0.115641
0 0.218476 0.567953 0.0236186 0.048804
