0 0.436195 0.907353 0.0357741 0.185294
0 0.881938 0.888717 0.0476917 0.211111
0 0.710741 0.903409 0.046525 0.193181
0 0.966996 0.738241 0.0312 0.171885
6 0.403411 0.650535 0.790544 0.691715
0 0.884498 0.701462 0.0355537 0.166528
0 0.548068 0.928878 0.0415787 0.140291
0 0.31087 0.927857 0.047014 0.144287
0 0.615748 0.75438 0.0296011 0.145035
0 0.643495 0.784674 0.0489904 0.180672
0 0.827861 0.722916 0.0252007 0.150645
24 0.293906 0.914838 0.0159431 0.0664091
0 0.492068 0.913715 0.0431976 0.17257
0 0.218184 0.567289 0.0242717 0.0518611
0 0.500888 0.913614 0.0264353 0.172772
0 0.580087 0.739755 0.0294249 0.141618
0 0.803337 0.692327 0.0263646 0.151273
