6 0.443906 0.63356 0.884561 0.722674
0 0.908483 0.838708 0.0443935 0.219937
0 0.646645 0.873684 0.037664 0.192267
0 0.711631 0.730287 0.0341167 0.174763
0 0.836709 0.784918 0.0364017 0.175245
0 0.892696 0.705635 0.041814 0.1929
0 0.601076 0.887511 0.044265 0.224743
26 0.968337 0.871135 0.0300022 0.08567
0 0.558241 0.87116 0.0471079 0.201771
0 0.981051 0.894123 0.0374187 0.207566
0 0.226548 0.575598 0.0213162 0.04874
0 0.616089 0.719192 0.0295753 0.137133
0 0.278111 0.944892 0.0385832 0.108315
