0 0.895285 0.746995 0.039587 0.179327
6 0.336601 0.683592 0.673202 0.605149
0 0.761217 0.943516 0.0790783 0.112969
0 0.62684 0.834235 0.0440691 0.205697
0 0.0618298 0.612775 0.0277188 0.0944813
0 0.551403 0.939377 0.0510602 0.121246
0 0.391318 0.926342 0.0339887 0.146469
0 0.555701 0.828436 0.0339663 0.191041
0 0.70691 0.724234 0.0334379 0.154762
0 0.126859 0.597061 0.033701 0.0668518
0 0.978808 0.804744 0.0418413 0.197163
0 0.876959 0.935209 0.0507389 0.129438
24 0.968784 0.77992 0.0214256 0.0586392
0 0.838294 0.704135 0.0291794 0.151043
0 0.520232 0.774465 0.0374231 0.174434
6 0.422156 0.641868 0.798817 0.682948
0 0.222707 0.56016 0.0202599 0.0513158
0 0.429439 0.956017 0.0373095 0.0850903
0 0.0312599 0.618837 0.0290295 0.10504
