0 0.824223 0.898752 0.0439289 0.20071
0 0.426256 0.906428 0.0536194 0.187144
0 0.900479 0.816422 0.0439327 0.21062
0 0.661037 0.842535 0.0566706 0.215143
0 0.82033 0.76846 0.041604 0.151545
0 0.737201 0.643634 0.0308006 0.139615
0 0.608364 0.719365 0.0384052 0.189583
0 0.333218 0.94454 0.0564252 0.11092
0 0.855048 0.669287 0.030702 0.143051
0 0.471228 0.775278 0.032092 0.211418
26 0.632985 0.863337 0.0237349 0.0615524
0 0.278211 0.906101 0.0306539 0.130439
6 0.444956 0.633404 0.879022 0.709612
0 0.656111 0.590798 0.0257839 0.153055
0 0.555049 0.78166 0.035451 0.145551
0 0.222006 0.550471 0.0203825 0.094151
0 0.170971 0.588012 0.0283968 0.0903388
0 0.962893 0.825759 0.0324078 0.119649
0 0.0394109 0.674335 0.0318046 0.0606114
0 0.139172 0.618058 0.0341982 0.0677824
