0 0.637879 0.821508 0.0500643 0.199012
24 0.967122 0.766399 0.0220314 0.059829
0 0.89097 0.736261 0.0382774 0.169713
6 0.406849 0.638192 0.79768 0.693163
0 0.047182 0.625217 0.028488 0.0898416
0 0.875019 0.925847 0.0504749 0.146298
0 0.978154 0.788441 0.0427204 0.190873
0 0.843095 0.696758 0.0301329 0.14693
0 0.77812 0.952176 0.0787592 0.0956473
0 0.614018 0.744752 0.0327377 0.159041
0 0.570897 0.839283 0.0317568 0.202443
0 0.668661 0.666236 0.0244994 0.153345
0 0.126995 0.598224 0.0348522 0.0680691
0 0.725451 0.710084 0.0314037 0.145536
0 0.532137 0.777438 0.0411167 0.191164
0 0.221633 0.562227 0.0215054 0.0467007
0 0.550332 0.930865 0.0345079 0.13827
0 0.409151 0.927485 0.0323763 0.14398
0 0.0234143 0.632185 0.0260017 0.102921
