0 0.833033 0.867261 0.0398731 0.203196
0 0.929449 0.900232 0.0547319 0.199536
0 0.679326 0.800962 0.0409901 0.196026
0 0.478768 0.873002 0.0408569 0.192642
0 0.911979 0.775414 0.0400578 0.186758
0 0.382385 0.956125 0.0453866 0.0874026
0 0.19602 0.563417 0.0207541 0.0971612
0 0.424299 0.918432 0.0494273 0.163136
0 0.854387 0.647815 0.0291714 0.129793
0 0.614211 0.760022 0.0319208 0.143791
0 0.505319 0.789098 0.0387113 0.178508
0 0.822536 0.746452 0.0363071 0.15758
0 0.306852 0.933161 0.0491988 0.133679
6 0.444503 0.648867 0.75646 0.702265
0 0.979276 0.943664 0.0401043 0.112672
6 0.338316 0.683373 0.673042 0.614347
0 0.232557 0.572346 0.0223219 0.0465212
0 0.589039 0.723349 0.033621 0.163341
0 0.749418 0.618948 0.0267439 0.12686
0 0.5369 0.9323 0.0282839 0.134119
0 0.94984 0.807708 0.0333191 0.139878
26 0.556761 0.955426 0.0206638 0.0785869
0 0.138148 0.611681 0.0315746 0.0677285
