0 0.889709 0.735025 0.0380247 0.170382
0 0.63997 0.824301 0.0460548 0.193716
6 0.412827 0.639531 0.797755 0.697072
24 0.967344 0.763099 0.0214062 0.0598429
0 0.575229 0.842294 0.0342735 0.19592
0 0.345913 0.926333 0.0569467 0.147334
0 0.550047 0.931762 0.0324947 0.136476
0 0.978803 0.786919 0.0415234 0.190477
0 0.614175 0.742809 0.0302743 0.159821
0 0.671735 0.663106 0.0289366 0.149817
0 0.875364 0.924896 0.0503256 0.146854
0 0.846334 0.69032 0.0276119 0.156738
0 0.502156 0.731703 0.0253824 0.163772
0 0.536222 0.775719 0.0447036 0.192019
0 0.46232 0.954459 0.0315847 0.0902518
0 0.127092 0.599068 0.0342283 0.0685249
0 0.78091 0.958015 0.0729525 0.0839703
0 0.394679 0.926897 0.0711028 0.146205
0 0.941707 0.688806 0.024876 0.131853
0 0.731299 0.672111 0.0364864 0.185471
