6 0.435501 0.634961 0.867564 0.716868
0 0.909543 0.842166 0.0453068 0.218897
0 0.645836 0.874325 0.0386621 0.188134
0 0.711619 0.732536 0.0362905 0.174509
0 0.599887 0.885706 0.0409628 0.228588
0 0.836995 0.787255 0.0377628 0.177108
0 0.893826 0.706124 0.0421246 0.194612
0 0.982569 0.898171 0.0343941 0.201592
0 0.226651 0.574539 0.0213133 0.0492267
0 0.556828 0.871103 0.0378521 0.199966
0 0.614343 0.723278 0.0339946 0.142828
26 0.96822 0.878302 0.0279261 0.0833727
0 0.131964 0.613583 0.0309671 0.0700098
0 0.540425 0.808038 0.0323532 0.168682
0 0.483505 0.961007 0.0322321 0.077986
0 0.513838 0.779062 0.0313826 0.1577
