0 0.911393 0.864007 0.0490232 0.213342
0 0.710678 0.750658 0.0444338 0.18431
0 0.896942 0.715629 0.0417469 0.186551
0 0.623981 0.900133 0.037992 0.196763
0 0.535771 0.894405 0.0425987 0.207668
6 0.406029 0.644733 0.800761 0.70804
26 0.688045 0.773346 0.0192207 0.0560705
0 0.840861 0.800261 0.0371937 0.188905
0 0.577623 0.867464 0.0433211 0.193146
0 0.98385 0.904259 0.0317364 0.191482
0 0.450789 0.925339 0.0393976 0.149323
0 0.289745 0.915106 0.0392244 0.169789
0 0.10586 0.603913 0.0245395 0.104569
0 0.227876 0.574007 0.0235959 0.0459312
0 0.132615 0.616357 0.0288827 0.0697181
0 0.982573 0.787325 0.0319553 0.134635
0 0.501809 0.768718 0.0288346 0.166486
26 0.96491 0.900021 0.0307495 0.0776435
0 0.836111 0.689024 0.0384777 0.097403
0 0.0305232 0.67209 0.0284523 0.0595471
0 0.986818 0.659683 0.0257195 0.129085
0 0.856473 0.6257 0.0254822 0.110259
