0 0.894434 0.745951 0.037434 0.177443
0 0.627164 0.829173 0.0412867 0.203152
0 0.764274 0.94464 0.0799227 0.110719
0 0.561111 0.830947 0.0338884 0.205155
0 0.875549 0.931004 0.0530941 0.13495
6 0.340016 0.681065 0.680032 0.612238
0 0.551927 0.936916 0.050576 0.126169
0 0.708773 0.724117 0.03512 0.151218
0 0.978481 0.798626 0.041748 0.191881
0 0.0588197 0.610911 0.0282628 0.094125
0 0.126729 0.596883 0.0343001 0.06647
0 0.522728 0.774652 0.0310616 0.17596
0 0.83965 0.702442 0.0277687 0.150445
6 0.439119 0.644353 0.731407 0.677422
0 0.0240574 0.608535 0.0431948 0.14331
0 0.435411 0.958113 0.0358883 0.0837746
24 0.968444 0.771457 0.0218716 0.0730793
0 0.728624 0.658306 0.0299662 0.165945
0 0.666228 0.671824 0.0247726 0.152136
