0 0.877206 0.912263 0.0535442 0.175473
0 0.679284 0.806267 0.0447214 0.185291
0 0.892263 0.722199 0.0376984 0.160804
0 0.548237 0.932562 0.0337611 0.134875
6 0.410429 0.646324 0.791007 0.704835
0 0.613468 0.866987 0.0400541 0.194665
0 0.975315 0.771832 0.0469963 0.180905
0 0.544464 0.752917 0.0308221 0.154919
0 0.777694 0.751061 0.0351419 0.147036
0 0.378817 0.937056 0.0336992 0.125887
0 0.523037 0.73229 0.0271988 0.169228
0 0.679657 0.650329 0.027922 0.135487
0 0.578737 0.786421 0.0487991 0.189179
0 0.88031 0.929999 0.0461823 0.140002
0 0.846656 0.680097 0.0308762 0.158289
0 0.125827 0.6049 0.03596 0.0727939
0 0.449281 0.927561 0.0338043 0.144879
0 0.504786 0.961246 0.0317356 0.0775088
0 0.939124 0.682863 0.0285481 0.130061
