0 0.631978 0.888193 0.062398 0.223615
0 0.722917 0.662661 0.0397043 0.147251
0 0.88636 0.86113 0.0469162 0.238453
0 0.966877 0.946239 0.0661186 0.107523
6 0.343909 0.677031 0.664686 0.626289
0 0.855261 0.684837 0.0364903 0.145638
0 0.817162 0.804623 0.0466607 0.167876
26 0.604381 0.909365 0.0262857 0.104537
0 0.823182 0.922076 0.040057 0.155848
26 0.604052 0.929066 0.0260668 0.0698527
0 0.901706 0.590758 0.0243605 0.116871
0 0.551937 0.77425 0.0251495 0.128319
0 0.244706 0.528441 0.0201195 0.0990964
0 0.470258 0.730544 0.0252881 0.152904
0 0.974884 0.876312 0.0470737 0.138085
0 0.546323 0.766342 0.0348007 0.139769
0 0.0339102 0.671846 0.0338159 0.062827
0 0.364437 0.964422 0.0342388 0.0711551
0 0.142437 0.625481 0.0278002 0.0960302
0 0.200717 0.565304 0.0233957 0.0915337
