0 0.642489 0.862841 0.0453179 0.222852
0 0.817894 0.904023 0.046405 0.191955
0 0.856996 0.669408 0.0295267 0.139618
0 0.89625 0.825656 0.0441605 0.204106
0 0.313778 0.928294 0.0554669 0.143412
0 0.81669 0.779477 0.0402399 0.165207
0 0.732725 0.652655 0.0302431 0.142431
0 0.590551 0.746859 0.0379921 0.160927
0 0.646016 0.618149 0.0276838 0.132414
0 0.484158 0.737782 0.0272721 0.172438
6 0.474619 0.635131 0.907125 0.720093
6 0.361846 0.667046 0.723693 0.645932
0 0.948784 0.928473 0.0644611 0.139061
0 0.878826 0.554177 0.0208607 0.104703
0 0.0398345 0.674299 0.0325025 0.0618542
0 0.905901 0.585272 0.0269884 0.124138
0 0.958986 0.850887 0.0552887 0.132831
26 0.618528 0.889009 0.0203734 0.0653965
0 0.397458 0.915079 0.0391529 0.164446
0 0.966258 0.847795 0.0391493 0.128919
