0 0.895402 0.746604 0.0363728 0.178886
0 0.625791 0.83362 0.0426325 0.204036
6 0.338775 0.681117 0.67755 0.612206
0 0.762969 0.944854 0.0791136 0.110293
0 0.560364 0.83088 0.029908 0.202082
0 0.876156 0.933194 0.0518072 0.133612
0 0.0597018 0.612603 0.0287231 0.0967254
0 0.551514 0.937305 0.0518938 0.12539
0 0.707522 0.721962 0.0342913 0.157995
0 0.978504 0.802313 0.0417402 0.193993
0 0.126737 0.597108 0.0340574 0.0671053
0 0.392456 0.927494 0.0366123 0.141265
0 0.52161 0.77352 0.0352943 0.175024
24 0.96887 0.774424 0.0221565 0.0668928
0 0.837702 0.704133 0.0300938 0.15355
0 0.0243611 0.609506 0.0423416 0.142521
0 0.665193 0.669848 0.0251307 0.152301
0 0.433498 0.958192 0.0370642 0.0836161
6 0.445633 0.640468 0.721325 0.675084
0 0.972486 0.801067 0.0309612 0.183986
0 0.222729 0.561326 0.0205621 0.0524345
