6 0.402776 0.649943 0.798863 0.700114
0 0.884128 0.898309 0.0454504 0.203381
0 0.665734 0.894209 0.0474859 0.210964
0 0.712966 0.787695 0.0378504 0.178222
0 0.407829 0.918228 0.0376393 0.163544
0 0.885871 0.708389 0.0355076 0.162599
0 0.97133 0.748052 0.0352036 0.17408
0 0.284851 0.927641 0.0452905 0.144717
0 0.54433 0.929307 0.0389153 0.139628
0 0.564631 0.745642 0.0309476 0.138747
0 0.689568 0.642848 0.0250154 0.141719
0 0.812884 0.73566 0.0276249 0.142577
0 0.615938 0.786932 0.0486771 0.189289
26 0.881454 0.873421 0.0357338 0.0686674
0 0.218839 0.569628 0.0221901 0.041862
0 0.476989 0.921814 0.0454568 0.156372
