0 0.612789 0.900945 0.0501954 0.198111
6 0.432232 0.627947 0.814116 0.72567
0 0.725803 0.677706 0.0306026 0.15007
0 0.815419 0.817457 0.0483435 0.167178
0 0.858163 0.691581 0.0324692 0.147074
0 0.884098 0.875976 0.0467253 0.230387
0 0.817959 0.933844 0.0447567 0.132313
0 0.484467 0.728087 0.0229439 0.150188
26 0.590283 0.951921 0.0250179 0.0935388
0 0.972451 0.899981 0.0545841 0.146018
0 0.233134 0.564892 0.0268735 0.0524938
0 0.141435 0.604846 0.031478 0.0707642
24 0.589085 0.963011 0.0249016 0.0739232
0 0.903859 0.599805 0.0241867 0.105378
0 0.314747 0.955165 0.0457504 0.0896707
