0 0.924513 0.891286 0.0509441 0.215771
0 0.694849 0.786009 0.0542746 0.201607
0 0.371761 0.929999 0.0529627 0.140003
0 0.839774 0.847965 0.0357809 0.199038
0 0.531803 0.813557 0.0390161 0.201724
0 0.854102 0.635667 0.0247192 0.124264
0 0.414677 0.958451 0.0476078 0.0830974
0 0.975768 0.928047 0.047485 0.143888
6 0.342972 0.678188 0.680859 0.62602
6 0.474764 0.63796 0.913086 0.708589
26 0.954008 0.942954 0.0305073 0.0987687
0 0.827464 0.724787 0.0321175 0.130648
0 0.279104 0.908584 0.0443408 0.179452
0 0.634789 0.749103 0.0251195 0.128533
0 0.230695 0.571891 0.0243711 0.0448408
0 0.753137 0.608189 0.0251104 0.134459
0 0.4746 0.917192 0.0481779 0.165617
0 0.499501 0.849515 0.041374 0.186921
0 0.892514 0.73215 0.024844 0.158356
0 0.904059 0.725636 0.0478363 0.183079
