0 0.903246 0.800955 0.0451427 0.198274
6 0.417419 0.638277 0.824691 0.70044
0 0.548518 0.902311 0.0445025 0.193358
0 0.843861 0.761842 0.0367119 0.169202
0 0.513452 0.958698 0.0503738 0.0826044
0 0.111387 0.599191 0.0257802 0.106989
0 0.592191 0.842207 0.0372309 0.196522
0 0.894129 0.676854 0.0406597 0.162313
0 0.0468101 0.602879 0.0314574 0.126417
0 0.501167 0.770829 0.0285103 0.159554
0 0.0758791 0.614837 0.0283275 0.106202
0 0.647852 0.907445 0.0451952 0.185109
0 0.630736 0.758969 0.0414452 0.184894
0 0.227012 0.575037 0.0222427 0.0453105
0 0.721718 0.704943 0.0340858 0.157333
0 0.925317 0.726993 0.0303375 0.118053
26 0.977261 0.832341 0.0265072 0.0834849
0 0.531942 0.772904 0.0237302 0.140467
0 0.983339 0.872781 0.0328114 0.212033
0 0.861786 0.597932 0.0235001 0.100651
24 0.978364 0.834763 0.0287821 0.0883392
0 0.669392 0.830642 0.0288899 0.158645
0 0.973458 0.748762 0.0350031 0.150338
0 0.988969 0.872972 0.0213821 0.208853
