0 0.596284 0.85695 0.044183 0.205511
6 0.335479 0.680082 0.670958 0.614238
0 0.896008 0.762256 0.0378557 0.185404
0 0.536552 0.937917 0.0421997 0.124166
0 0.539811 0.807824 0.0397211 0.209421
0 0.839983 0.720125 0.0375412 0.161775
0 0.287707 0.915215 0.0463406 0.16957
0 0.714531 0.924642 0.0416778 0.150715
0 0.0827052 0.604351 0.027292 0.0929927
0 0.881705 0.9486 0.0562553 0.102412
6 0.428013 0.632441 0.829888 0.705387
24 0.972084 0.792598 0.0250229 0.069694
0 0.978028 0.821707 0.0366512 0.189917
0 0.222818 0.563426 0.0226024 0.0521917
0 0.127651 0.597673 0.0319188 0.0654763
0 0.391747 0.954019 0.0378001 0.0896321
0 0.647959 0.691452 0.026173 0.181861
0 0.726411 0.668941 0.031897 0.16064
0 0.464979 0.733024 0.0332213 0.179846
