0 0.880687 0.88518 0.0495768 0.229639
0 0.608556 0.905268 0.0484753 0.189463
0 0.857875 0.699767 0.0327068 0.155317
6 0.457457 0.628542 0.822128 0.724873
0 0.721086 0.684244 0.0381279 0.156454
0 0.813682 0.946514 0.0551758 0.106972
0 0.818228 0.82945 0.0495518 0.168678
0 0.141553 0.615461 0.0317537 0.0940682
0 0.902598 0.596531 0.0248203 0.108357
0 0.0295109 0.66959 0.0350334 0.0631815
0 0.235854 0.565957 0.0233655 0.0483589
0 0.30358 0.956941 0.0347884 0.0861186
0 0.975375 0.917318 0.0487228 0.151595
0 0.500585 0.754551 0.0332262 0.169595
