0 0.549752 0.757001 0.0331535 0.149802
0 0.683228 0.798905 0.0387503 0.182141
0 0.973765 0.767107 0.0424154 0.183
0 0.625013 0.877261 0.0445454 0.208464
0 0.890501 0.722094 0.0357769 0.158189
0 0.547342 0.931192 0.0373363 0.137616
0 0.880534 0.90834 0.0467316 0.183319
6 0.409191 0.650022 0.789066 0.695879
0 0.385339 0.932272 0.0379064 0.135456
0 0.682852 0.653174 0.028356 0.139509
0 0.586305 0.787304 0.0463408 0.184462
0 0.456083 0.92771 0.0322812 0.14458
0 0.786467 0.750222 0.0346968 0.145358
0 0.526544 0.734601 0.0272388 0.167896
0 0.937416 0.679396 0.0281921 0.136217
0 0.126194 0.599809 0.0374492 0.0701011
0 0.510588 0.960772 0.0347788 0.0784558
