6 0.415917 0.641129 0.79791 0.694069
0 0.896339 0.774528 0.0435638 0.185758
0 0.691287 0.909434 0.0436758 0.181131
0 0.724934 0.680246 0.0318155 0.153842
0 0.581386 0.874203 0.0481651 0.20496
0 0.536567 0.795851 0.0317215 0.197125
0 0.526619 0.945109 0.0465307 0.109781
0 0.9796 0.833989 0.0402668 0.209338
0 0.0943621 0.604089 0.024219 0.0964779
0 0.839 0.732569 0.032638 0.160477
0 0.876147 0.960557 0.0502716 0.0788859
26 0.972233 0.812095 0.0273289 0.0604363
0 0.512194 0.760068 0.0276068 0.151919
0 0.0352194 0.601066 0.0302918 0.136628
0 0.281388 0.907378 0.0375059 0.185244
0 0.108623 0.234075 0.0190525 0.101029
0 0.666216 0.746288 0.0314596 0.167195
0 0.600831 0.799023 0.0343018 0.183444
0 0.060456 0.620414 0.0266569 0.0940889
0 0.369059 0.950124 0.0415226 0.0977244
0 0.961501 0.72043 0.0307768 0.152287
0 0.223889 0.563705 0.0210912 0.047158
0 0.130505 0.602082 0.0272017 0.0632529
24 0.677954 0.889682 0.020094 0.0778402
0 0.341641 0.937955 0.0371172 0.123489
