6 0.439427 0.628556 0.830838 0.723995
0 0.610657 0.904287 0.0473732 0.191426
0 0.817724 0.821975 0.0490631 0.161238
0 0.724296 0.680688 0.0341646 0.15801
0 0.882278 0.884746 0.0474903 0.230393
0 0.858343 0.6984 0.0322613 0.157781
0 0.141997 0.619073 0.0307345 0.0985858
0 0.812283 0.936133 0.0572836 0.127735
0 0.903717 0.59918 0.0241356 0.105092
0 0.0296073 0.670642 0.0363365 0.0614131
0 0.234921 0.563949 0.0248896 0.0492518
0 0.142003 0.605332 0.0293396 0.0699883
0 0.479777 0.735048 0.024255 0.169574
0 0.817595 0.585093 0.0197111 0.117195
0 0.974225 0.905404 0.0510496 0.14666
0 0.90241 0.746737 0.0609097 0.119421
