0 0.900887 0.784375 0.0400867 0.187324
6 0.336812 0.686431 0.670186 0.603038
0 0.523511 0.948611 0.0503997 0.102778
0 0.675043 0.906852 0.0468502 0.186297
0 0.570649 0.880139 0.0420151 0.212955
0 0.597885 0.808734 0.0337698 0.17628
0 0.879948 0.967838 0.0392364 0.0643231
0 0.839966 0.737954 0.031142 0.162427
0 0.101441 0.60222 0.0260918 0.0961962
26 0.97363 0.819173 0.0252934 0.0644046
0 0.533254 0.792778 0.0279541 0.195655
0 0.722528 0.68431 0.0308882 0.159604
0 0.507857 0.765441 0.0332228 0.1582
0 0.890123 0.664625 0.0370487 0.160506
0 0.652312 0.745875 0.0366838 0.181324
0 0.358618 0.950297 0.0400496 0.0898987
0 0.22518 0.568136 0.0208514 0.0486984
0 0.981111 0.84526 0.0371975 0.21087
0 0.0406205 0.596263 0.0282321 0.120202
0 0.968436 0.735594 0.0255661 0.147768
24 0.974741 0.817936 0.0253098 0.0709607
0 0.647208 0.734915 0.0321034 0.19708
24 0.664654 0.888865 0.0208841 0.0802321
0 0.277605 0.909144 0.0333689 0.180814
0 0.130876 0.605754 0.0266027 0.0640104
6 0.420532 0.64551 0.792506 0.704924
