0 0.683097 0.800865 0.0391838 0.181172
0 0.622569 0.876091 0.0405691 0.207662
0 0.547328 0.930394 0.0370544 0.139213
0 0.54826 0.755854 0.0327896 0.151329
0 0.890816 0.723654 0.036834 0.154014
0 0.974158 0.767642 0.0435387 0.183031
0 0.879794 0.908836 0.0466011 0.182328
6 0.405735 0.650031 0.789193 0.694937
0 0.382623 0.933389 0.0363065 0.132652
0 0.681501 0.655097 0.0290338 0.142964
0 0.782011 0.751046 0.0412205 0.146522
0 0.453414 0.926178 0.0342519 0.147644
0 0.12604 0.600887 0.037594 0.0728936
0 0.590054 0.79217 0.0349009 0.17523
0 0.584677 0.788254 0.0508143 0.1894
0 0.847773 0.677877 0.0293003 0.162327
0 0.879337 0.926792 0.0390831 0.146416
0 0.525506 0.734272 0.0267003 0.164613
0 0.509508 0.961158 0.0324728 0.0776833
0 0.938109 0.684533 0.0272221 0.135914
