0 0.664017 0.816325 0.0448413 0.187462
6 0.411335 0.643647 0.796411 0.698036
0 0.8909 0.733519 0.0365749 0.172775
0 0.879271 0.918741 0.0504742 0.162517
0 0.59287 0.856089 0.0560373 0.207735
0 0.363683 0.932639 0.0559526 0.134722
0 0.674094 0.656714 0.0291948 0.140711
0 0.978857 0.778475 0.041268 0.182531
0 0.616667 0.733491 0.0283828 0.131994
0 0.510025 0.749692 0.0277664 0.140681
0 0.535175 0.759383 0.0296554 0.151701
24 0.966267 0.757719 0.0221266 0.0578466
0 0.972071 0.789253 0.035022 0.170643
0 0.125567 0.600021 0.0342794 0.0695085
0 0.807028 0.969282 0.0372757 0.0614358
0 0.549744 0.933801 0.0304329 0.132397
0 0.846917 0.696059 0.032164 0.157003
0 0.4242 0.926034 0.0436453 0.147933
0 0.793833 0.968475 0.0631355 0.0630495
0 0.96637 0.791828 0.0244156 0.170677
0 0.221916 0.564812 0.0222085 0.0449223
0 0.481353 0.960532 0.0319721 0.0789364
