0 0.614407 0.720506 0.0337261 0.176651
0 0.828044 0.894992 0.043816 0.205377
0 0.664502 0.841517 0.0599911 0.21935
0 0.900455 0.813382 0.0444649 0.21124
0 0.82098 0.767971 0.0433397 0.159332
0 0.565783 0.777573 0.0458956 0.154343
0 0.947771 0.91989 0.0595181 0.160221
0 0.739207 0.643597 0.0274069 0.137422
0 0.43272 0.904967 0.0480179 0.190067
6 0.418756 0.633322 0.827191 0.717471
0 0.474615 0.767643 0.0334404 0.183764
0 0.853629 0.667804 0.0306511 0.140531
24 0.636703 0.862986 0.0238153 0.061606
0 0.340741 0.947547 0.0589928 0.104906
0 0.0393011 0.674169 0.0319414 0.0609312
0 0.139835 0.617436 0.0329588 0.0666981
0 0.958611 0.823634 0.0365215 0.114546
26 0.638784 0.857896 0.0206823 0.0671258
