6 0.416941 0.635127 0.826163 0.71637
0 0.91206 0.839479 0.0508999 0.213444
0 0.635042 0.882935 0.0431217 0.184955
0 0.712158 0.739891 0.0413302 0.186813
0 0.596938 0.866458 0.03508 0.209748
0 0.896434 0.705969 0.0419853 0.184139
0 0.836957 0.798665 0.0357208 0.181174
0 0.985276 0.899345 0.0288849 0.200977
0 0.547774 0.880398 0.0369682 0.196053
0 0.29713 0.917247 0.0351149 0.160296
0 0.226673 0.575478 0.0211525 0.0492905
26 0.967757 0.886696 0.0275045 0.089927
0 0.0978083 0.61119 0.0227555 0.101162
0 0.857447 0.622068 0.023851 0.114415
0 0.891461 0.574419 0.0194286 0.100809
0 0.838006 0.682907 0.0358685 0.0925846
0 0.460895 0.767213 0.0248033 0.154291
0 0.639609 0.685648 0.0408323 0.18939
0 0.6819 0.716655 0.0296514 0.137224
