6 0.412133 0.645883 0.819412 0.698696
0 0.582375 0.845413 0.0414019 0.206405
0 0.628214 0.899115 0.0484373 0.201769
0 0.903066 0.813568 0.0427921 0.199874
0 0.892505 0.685471 0.03992 0.170228
0 0.529141 0.907299 0.0383316 0.185401
0 0.981364 0.885161 0.0367577 0.228833
26 0.975014 0.858215 0.0264076 0.0705304
0 0.505142 0.960564 0.0407332 0.0788718
0 0.226995 0.574334 0.0214634 0.0452645
0 0.842785 0.766646 0.0336851 0.178333
0 0.0824182 0.613685 0.0259122 0.102377
0 0.71962 0.711144 0.0364868 0.168244
24 0.976645 0.854862 0.0290152 0.08746
0 0.657447 0.845866 0.0351575 0.175137
0 0.119668 0.597007 0.0247416 0.0979694
0 0.971897 0.754508 0.0397369 0.153096
0 0.490929 0.773356 0.024662 0.150812
0 0.764185 0.573409 0.0236429 0.111455
0 0.843188 0.664384 0.0362488 0.0944485
0 0.528067 0.770033 0.0263279 0.123937
