0 0.933586 0.90317 0.0538082 0.19366
0 0.830072 0.869177 0.039975 0.200697
0 0.822313 0.750758 0.036433 0.157997
0 0.370222 0.952987 0.0459016 0.0940258
0 0.673668 0.802229 0.0377575 0.18822
0 0.854247 0.653182 0.0275066 0.130519
0 0.975724 0.947326 0.0438812 0.105348
0 0.907824 0.78818 0.0411158 0.19773
0 0.500393 0.771252 0.0446564 0.16894
0 0.20199 0.560015 0.0222495 0.0938714
0 0.469223 0.898264 0.040954 0.191383
6 0.336351 0.688899 0.672702 0.598233
0 0.291356 0.930504 0.0354156 0.138993
0 0.602196 0.769481 0.0326061 0.143546
0 0.640161 0.707131 0.0316602 0.171723
26 0.650812 0.838723 0.0193862 0.0598531
0 0.518357 0.934324 0.0278179 0.131353
0 0.233205 0.573476 0.02178 0.0495234
0 0.953443 0.811559 0.0351812 0.127823
0 0.747368 0.626863 0.0275386 0.128981
0 0.410685 0.917448 0.0323006 0.165104
0 0.581315 0.731167 0.0284074 0.15844
0 0.138504 0.616822 0.030696 0.0649456
