0 0.876191 0.872399 0.0496712 0.205628
0 0.880618 0.691875 0.0378532 0.170493
0 0.458018 0.891654 0.0440614 0.203486
6 0.395059 0.650805 0.788547 0.690886
0 0.835937 0.704285 0.0287529 0.168179
0 0.506991 0.909512 0.0475542 0.180977
0 0.661419 0.780219 0.0337761 0.175343
0 0.740668 0.905071 0.0493303 0.189858
0 0.544867 0.930607 0.035848 0.138787
0 0.621074 0.756521 0.0303122 0.147959
0 0.341297 0.919976 0.0482116 0.160048
0 0.703108 0.627857 0.0249542 0.14014
0 0.809824 0.6807 0.0284561 0.146062
0 0.216877 0.565333 0.0247579 0.0533552
0 0.951503 0.771089 0.0534794 0.265224
0 0.592861 0.727694 0.0274303 0.141688
0 0.502358 0.920052 0.0357444 0.159897
0 0.923038 0.655161 0.0243443 0.114632
