0 0.822239 0.900698 0.0455086 0.198604
0 0.658775 0.840719 0.0565658 0.207365
0 0.33199 0.937899 0.0629378 0.124201
0 0.900488 0.815815 0.0435677 0.210562
0 0.417865 0.908391 0.0435593 0.183218
0 0.818801 0.772524 0.0405884 0.158215
0 0.855255 0.671184 0.0322861 0.144381
0 0.735751 0.644117 0.0330563 0.140681
0 0.469956 0.760143 0.0286778 0.196931
0 0.60319 0.728356 0.0414064 0.18999
0 0.549866 0.786576 0.033097 0.138834
26 0.628767 0.861974 0.0210545 0.0653195
6 0.345544 0.683424 0.691088 0.599327
0 0.490746 0.74416 0.0297607 0.167985
0 0.171167 0.582878 0.0290307 0.100797
0 0.0394588 0.674289 0.0314774 0.0603316
6 0.430244 0.635029 0.842577 0.703868
0 0.278904 0.90633 0.0298322 0.129588
0 0.964729 0.827724 0.0317507 0.118089
0 0.140362 0.616231 0.0322192 0.0613915
24 0.411436 0.889529 0.0288959 0.0763367
0 0.741089 0.641842 0.0273232 0.135911
