0 0.668937 0.832237 0.0538443 0.202608
0 0.829385 0.893492 0.0466263 0.208082
0 0.621803 0.725704 0.0310307 0.170036
0 0.479124 0.777579 0.041757 0.200415
0 0.352356 0.949929 0.0654528 0.100141
0 0.902023 0.804676 0.0419853 0.188343
0 0.442998 0.903774 0.0451117 0.192451
0 0.945404 0.913308 0.0563469 0.173384
0 0.818966 0.773739 0.042577 0.174655
0 0.853692 0.660258 0.0294203 0.126793
0 0.214913 0.555659 0.0211295 0.0953924
0 0.74217 0.640347 0.0276917 0.134658
0 0.956752 0.81279 0.0411432 0.113105
0 0.572607 0.774725 0.0431272 0.152783
6 0.350763 0.689786 0.701527 0.592972
0 0.0386503 0.67487 0.0316418 0.0615291
0 0.9621 0.957792 0.0575531 0.0844164
0 0.140106 0.617702 0.0318121 0.0660148
26 0.641401 0.858617 0.0226757 0.0653649
0 0.276697 0.904382 0.0329581 0.132651
0 0.233507 0.575354 0.0215579 0.0524747
