0 0.635653 0.866648 0.0412987 0.227828
0 0.892675 0.830684 0.0462513 0.223678
0 0.816455 0.785752 0.0436518 0.155338
0 0.728219 0.654508 0.0297615 0.145298
0 0.815876 0.911667 0.048357 0.176665
0 0.287639 0.91936 0.055479 0.161279
6 0.344259 0.674829 0.682986 0.625566
0 0.857739 0.677351 0.0306637 0.141645
0 0.635596 0.611288 0.0272385 0.15397
0 0.576559 0.717609 0.0349773 0.213883
0 0.378786 0.915828 0.0531103 0.168343
0 0.957028 0.935462 0.0621386 0.129077
26 0.613389 0.897233 0.0199784 0.0696367
0 0.0373031 0.675053 0.0328138 0.0613974
0 0.905259 0.590465 0.02514 0.120276
0 0.190289 0.571467 0.0262462 0.088143
0 0.234955 0.531127 0.0219563 0.0914861
24 0.364908 0.909747 0.0237208 0.0777772
0 0.527342 0.746724 0.0349239 0.16131
0 0.967869 0.85272 0.0446629 0.134043
0 0.95856 0.570828 0.0304018 0.144175
0 0.140252 0.617507 0.031787 0.0707136
