0 0.82996 0.873443 0.0415195 0.205182
0 0.935973 0.90793 0.0539696 0.18414
0 0.668627 0.815665 0.0404189 0.204284
6 0.34133 0.686287 0.675615 0.606685
0 0.496042 0.784828 0.045001 0.20263
26 0.649809 0.840303 0.019416 0.0538737
0 0.821243 0.753317 0.037859 0.159456
0 0.904924 0.798721 0.0403919 0.19934
0 0.361049 0.952004 0.0421821 0.0950667
0 0.854454 0.655635 0.0274733 0.122983
0 0.205804 0.547953 0.0216669 0.0744322
0 0.634773 0.711667 0.0368139 0.166229
0 0.593832 0.769619 0.0394296 0.145707
0 0.974751 0.948416 0.0472561 0.103168
0 0.463778 0.885534 0.0395115 0.206366
0 0.138813 0.618052 0.0301294 0.0683394
0 0.233862 0.576012 0.0198831 0.0480619
0 0.746024 0.630055 0.0256664 0.129838
0 0.0392196 0.673335 0.0323211 0.057935
0 0.953375 0.813853 0.0380789 0.12804
0 0.579079 0.718501 0.0252911 0.130209
0 0.961705 0.945072 0.0720865 0.109856
0 0.280631 0.92192 0.0446545 0.15616
