0 0.916142 0.871715 0.0475618 0.209695
0 0.69636 0.767184 0.0356983 0.187608
0 0.601055 0.912675 0.0375793 0.17465
0 0.836397 0.822959 0.032972 0.181629
0 0.401696 0.926972 0.0370414 0.146057
0 0.552829 0.840327 0.0474975 0.225529
0 0.898054 0.730504 0.0417807 0.209513
26 0.956336 0.922473 0.0282612 0.0852606
0 0.980041 0.916466 0.0393482 0.167068
0 0.855164 0.637677 0.0241772 0.117043
0 0.93466 0.770104 0.0333923 0.111938
0 0.503486 0.86822 0.04688 0.263559
0 0.279069 0.91192 0.0483929 0.173103
0 0.71614 0.583249 0.0284065 0.12793
0 0.0316064 0.671501 0.0281161 0.0595732
0 0.754978 0.608462 0.0295118 0.141877
26 0.676635 0.785882 0.0204543 0.0637371
6 0.341776 0.676079 0.682709 0.623837
0 0.229724 0.573286 0.0236014 0.0451218
