0 0.911112 0.863464 0.0499119 0.215863
0 0.708902 0.752178 0.0410818 0.183856
0 0.620111 0.901448 0.0363202 0.189173
0 0.573242 0.854088 0.0449519 0.213383
0 0.525055 0.883533 0.039823 0.226663
0 0.838801 0.807701 0.0354321 0.182716
0 0.895903 0.712925 0.0420521 0.180707
0 0.442658 0.928285 0.0370317 0.14343
26 0.963483 0.907149 0.030842 0.0854869
0 0.983839 0.788371 0.0309868 0.139137
0 0.982562 0.905321 0.034314 0.189357
6 0.400714 0.649001 0.789737 0.698173
0 0.626748 0.697546 0.0333031 0.153635
0 0.228151 0.574169 0.0241476 0.0452103
0 0.285584 0.916145 0.0404583 0.16771
24 0.963379 0.914654 0.0298353 0.0687558
0 0.835549 0.691385 0.0370445 0.104759
0 0.10759 0.603233 0.0231447 0.0956289
0 0.730801 0.577996 0.0240545 0.129509
