0 0.829464 0.870389 0.0392303 0.209097
0 0.929735 0.90131 0.0529562 0.19738
0 0.674853 0.808412 0.0414043 0.201364
0 0.909041 0.785298 0.0416557 0.201914
0 0.474229 0.879112 0.0389309 0.199381
0 0.854397 0.648955 0.0285086 0.129184
0 0.822118 0.747377 0.0361891 0.156492
0 0.37544 0.955616 0.0407745 0.088768
0 0.977202 0.946418 0.0439587 0.107163
6 0.43402 0.645721 0.849465 0.700294
0 0.417942 0.925478 0.0452232 0.149045
0 0.199117 0.56287 0.022472 0.0959212
0 0.504733 0.784496 0.0354012 0.160436
0 0.608601 0.766892 0.0280298 0.13694
0 0.298734 0.931952 0.0407413 0.136096
6 0.34281 0.683238 0.681647 0.612139
0 0.583087 0.726294 0.0305111 0.158191
0 0.531093 0.933059 0.0316879 0.132174
0 0.952877 0.809745 0.0329144 0.135467
0 0.233141 0.576991 0.020069 0.0493242
0 0.038321 0.671195 0.0321559 0.0605606
0 0.537613 0.933364 0.0453725 0.133272
