0 0.5932 0.915852 0.0411814 0.168297
0 0.692553 0.770293 0.041914 0.192343
0 0.920512 0.880136 0.0485645 0.212431
0 0.836622 0.827027 0.0324957 0.184344
0 0.489135 0.901426 0.0436594 0.197148
0 0.279086 0.909759 0.0484163 0.178784
0 0.543954 0.825366 0.0428361 0.224777
26 0.955046 0.925728 0.0300415 0.0980732
0 0.854104 0.635855 0.0235687 0.121092
0 0.385354 0.931095 0.0371581 0.134821
0 0.900898 0.736865 0.044017 0.201324
0 0.754635 0.610065 0.0250698 0.137495
0 0.229423 0.572594 0.0244078 0.0467492
26 0.674748 0.786837 0.0198891 0.0822991
0 0.64082 0.740179 0.0287735 0.135249
0 0.970589 0.920912 0.0578972 0.157541
6 0.337789 0.676431 0.67413 0.620055
6 0.425182 0.63783 0.822796 0.709364
0 0.93443 0.776033 0.0330692 0.115376
0 0.829056 0.713345 0.0329399 0.1287
0 0.0831723 0.594251 0.0328203 0.104591
0 0.895958 0.738903 0.032745 0.186414
