0 0.829459 0.870664 0.0415871 0.200409
0 0.93491 0.906712 0.0550999 0.186576
0 0.821883 0.75188 0.0373695 0.158942
0 0.673941 0.802372 0.0360003 0.189334
6 0.339079 0.696112 0.671873 0.590656
0 0.366998 0.953638 0.0438636 0.0927246
0 0.854162 0.655272 0.0273312 0.12935
0 0.498116 0.776197 0.0432205 0.181488
0 0.90629 0.787674 0.0412752 0.199769
0 0.975322 0.947902 0.0436275 0.104196
0 0.638096 0.705464 0.0334708 0.180018
0 0.466552 0.888263 0.0386217 0.203011
0 0.203143 0.550736 0.0234679 0.0802858
0 0.597715 0.765565 0.0363478 0.137702
0 0.746661 0.628875 0.0275443 0.128578
0 0.406444 0.919876 0.0316743 0.15958
0 0.233344 0.573531 0.0219694 0.049369
0 0.580252 0.72876 0.027837 0.158177
0 0.289047 0.930182 0.0339298 0.139636
0 0.138565 0.617356 0.0304999 0.0644196
0 0.951967 0.812513 0.0379126 0.129417
