0 0.67192 0.89882 0.059791 0.202361
0 0.884152 0.897278 0.0444296 0.203255
0 0.88574 0.707961 0.0366217 0.162563
6 0.401359 0.650787 0.798764 0.698426
0 0.409221 0.918029 0.0360058 0.163943
0 0.713917 0.786182 0.036376 0.178516
0 0.813905 0.730024 0.028164 0.164947
0 0.971353 0.745297 0.0352837 0.169192
0 0.286819 0.927844 0.0456982 0.144312
0 0.564564 0.745416 0.0320289 0.13807
0 0.543283 0.928816 0.0410805 0.139192
26 0.880034 0.87207 0.0322319 0.0615492
0 0.932715 0.665324 0.0286543 0.116524
0 0.218544 0.567237 0.0232827 0.0471917
