0 0.667177 0.832179 0.0536321 0.216256
0 0.622439 0.72518 0.0300375 0.172412
0 0.829765 0.893944 0.0457386 0.209349
0 0.480266 0.778281 0.04025 0.197481
0 0.902799 0.80114 0.0418238 0.187212
0 0.445197 0.9038 0.0436556 0.192401
0 0.819584 0.771013 0.0396111 0.168667
0 0.354805 0.95044 0.0683207 0.0991199
0 0.945162 0.913853 0.0563381 0.172293
0 0.853473 0.660614 0.0282883 0.1279
0 0.57761 0.778842 0.0331343 0.140132
0 0.953362 0.811818 0.0442299 0.113629
0 0.742608 0.63902 0.0266397 0.135003
6 0.340974 0.686534 0.681948 0.587962
0 0.960838 0.955416 0.0605181 0.0891677
26 0.642741 0.85452 0.0241396 0.0738054
0 0.214212 0.555359 0.0208573 0.0914964
0 0.0389124 0.674183 0.0314761 0.0600808
0 0.140162 0.615295 0.0324129 0.0620573
0 0.233723 0.575907 0.0209153 0.0499395
0 0.375428 0.903931 0.030271 0.101373
0 0.571627 0.7822 0.0404669 0.142619
