0 0.821267 0.902436 0.0458323 0.195128
0 0.655753 0.842787 0.0514426 0.209259
0 0.899732 0.813375 0.040295 0.204362
0 0.327985 0.941599 0.058553 0.116803
0 0.855626 0.670881 0.0346325 0.145077
0 0.416079 0.908222 0.043832 0.183556
0 0.817841 0.775189 0.0407921 0.160583
0 0.601114 0.730844 0.0401419 0.178066
0 0.468193 0.758163 0.0263578 0.198897
0 0.734427 0.642532 0.0341928 0.13765
24 0.627911 0.864186 0.0215305 0.0625434
6 0.344959 0.685748 0.689919 0.600428
26 0.627862 0.865121 0.0220464 0.0626061
0 0.964643 0.827553 0.0334858 0.117176
0 0.489645 0.74138 0.0298031 0.16805
0 0.0394195 0.674395 0.0310601 0.0595854
0 0.876219 0.557711 0.0209209 0.0991035
6 0.441868 0.632997 0.8682 0.705781
0 0.140412 0.616134 0.0321698 0.0615009
0 0.904552 0.591768 0.0231758 0.108057
0 0.225429 0.54617 0.0239164 0.0961071
