0 0.668401 0.814362 0.0388997 0.206769
0 0.937772 0.910902 0.0540373 0.178197
0 0.829736 0.877169 0.0400707 0.202163
6 0.3405 0.682687 0.676563 0.610137
0 0.493189 0.780481 0.0414182 0.195104
0 0.904318 0.797543 0.0410696 0.201638
0 0.633287 0.713995 0.0322203 0.166289
26 0.647824 0.842076 0.0196515 0.0613168
0 0.821529 0.754897 0.0357098 0.156839
0 0.207568 0.556103 0.0213943 0.0909368
0 0.967133 0.948293 0.0616051 0.103414
0 0.854449 0.656576 0.0282131 0.129246
0 0.234358 0.574965 0.0192091 0.0482227
0 0.360329 0.955488 0.0471398 0.088895
0 0.594499 0.768288 0.0327755 0.147777
0 0.746335 0.631583 0.0261765 0.139001
0 0.574196 0.723524 0.0309182 0.154063
0 0.950837 0.811889 0.0385405 0.124662
0 0.0396051 0.673271 0.0320902 0.0577284
0 0.139582 0.616718 0.0313491 0.0663942
0 0.10325 0.587391 0.0249317 0.107742
