6 0.433782 0.62918 0.818073 0.723231
0 0.611438 0.903465 0.0483904 0.193069
0 0.724523 0.678512 0.0332987 0.152317
0 0.883439 0.879564 0.0489353 0.233115
0 0.81683 0.820662 0.048983 0.161126
0 0.812197 0.935611 0.0570351 0.127734
0 0.858505 0.696367 0.0330097 0.159021
0 0.141633 0.606225 0.0315355 0.0742757
0 0.973208 0.904609 0.053075 0.148051
0 0.234568 0.563324 0.0253895 0.0499832
0 0.029462 0.670801 0.0362547 0.0613963
0 0.903858 0.746898 0.0596752 0.117295
0 0.817494 0.584106 0.0194122 0.12235
0 0.903633 0.599356 0.0241768 0.102769
0 0.483254 0.713484 0.0199826 0.118971
