0 0.881344 0.886364 0.0484232 0.210796
0 0.439103 0.902622 0.0362074 0.194756
0 0.712174 0.90404 0.0472261 0.19192
6 0.400453 0.648006 0.791085 0.688933
0 0.883566 0.701249 0.0355534 0.167461
0 0.966485 0.737788 0.029771 0.172134
0 0.316149 0.924573 0.0471478 0.150854
0 0.615532 0.755623 0.0278201 0.1432
0 0.548612 0.928329 0.0427258 0.138029
0 0.643233 0.784097 0.0484108 0.179475
0 0.925519 0.659701 0.0241615 0.121378
0 0.564795 0.713401 0.0250963 0.165423
0 0.21858 0.574154 0.0234632 0.0640042
0 0.582803 0.7362 0.032747 0.149064
0 0.828597 0.723286 0.0253235 0.138114
0 0.492311 0.912984 0.0448778 0.174031
0 0.500779 0.912203 0.0311771 0.175594
0 0.803506 0.690847 0.0276604 0.153494
0 0.0183701 0.657307 0.0298774 0.0549367
0 0.697706 0.63529 0.0258469 0.136924
