0 0.614183 0.853339 0.0483948 0.206097
0 0.895307 0.756375 0.0399746 0.176395
6 0.424684 0.628761 0.81699 0.691634
0 0.880332 0.941142 0.054924 0.112911
0 0.541761 0.939126 0.042095 0.121712
6 0.341207 0.673847 0.679809 0.622462
0 0.836975 0.714759 0.0333801 0.15992
0 0.0746511 0.606653 0.0279958 0.0878857
0 0.97979 0.811326 0.039942 0.193151
0 0.127201 0.597694 0.0333462 0.0670965
0 0.297673 0.918838 0.0560897 0.162325
0 0.73147 0.927512 0.0577499 0.144977
0 0.550317 0.812698 0.0321281 0.190406
0 0.469408 0.728331 0.0287239 0.160186
24 0.970584 0.785041 0.0220337 0.0594877
0 0.406013 0.953159 0.0380467 0.0912794
0 0.709986 0.742463 0.0326466 0.211757
26 0.97081 0.780714 0.0225885 0.0697513
0 0.370346 0.926021 0.0380342 0.147958
0 0.0395103 0.623425 0.0280389 0.0908798
