0 0.619068 0.870678 0.0382206 0.204562
0 0.878329 0.911001 0.0504406 0.177997
0 0.546637 0.754719 0.0324182 0.156712
0 0.547936 0.932267 0.0353792 0.135465
0 0.891337 0.722674 0.0367672 0.159699
0 0.974959 0.770463 0.0443562 0.183321
0 0.680613 0.798178 0.038903 0.175635
0 0.523953 0.732364 0.0281812 0.169523
6 0.408077 0.646494 0.794205 0.70458
0 0.781304 0.749676 0.035475 0.144257
0 0.380595 0.935742 0.034761 0.12832
0 0.68039 0.651002 0.0284844 0.137487
0 0.125548 0.602192 0.0368115 0.0720022
0 0.452394 0.927395 0.0318814 0.145209
0 0.58438 0.789263 0.0412054 0.183462
0 0.507305 0.961725 0.0328352 0.0765508
0 0.846518 0.680734 0.0316936 0.161568
0 0.938725 0.682826 0.0268814 0.13119
