0 0.913027 0.863349 0.0472973 0.21476
0 0.610304 0.909745 0.0380302 0.180511
0 0.564809 0.846019 0.0416145 0.202813
0 0.700314 0.762499 0.0368221 0.182094
0 0.509931 0.902905 0.0545853 0.19419
6 0.421474 0.643797 0.822132 0.711346
0 0.976584 0.916147 0.0462765 0.167707
0 0.835218 0.82153 0.0364288 0.191233
0 0.417189 0.927622 0.0370806 0.144757
0 0.984855 0.791656 0.0292999 0.143067
0 0.625167 0.707043 0.0308868 0.159997
0 0.896048 0.723072 0.0410526 0.197368
0 0.0306829 0.671919 0.0270113 0.0577668
26 0.96009 0.91391 0.029744 0.0972267
0 0.228839 0.574229 0.0232175 0.0453436
0 0.284816 0.921306 0.0357679 0.157389
0 0.856157 0.63165 0.024028 0.125074
0 0.132753 0.61876 0.0299081 0.0712572
0 0.441235 0.966697 0.0301037 0.0666065
0 0.757398 0.601486 0.0270772 0.121858
26 0.959983 0.927781 0.0285078 0.0696472
