0 0.926534 0.896846 0.0497887 0.206307
0 0.693693 0.791068 0.0491421 0.201689
0 0.837256 0.849364 0.0381536 0.195996
0 0.400553 0.954618 0.0449446 0.0906699
0 0.334984 0.934141 0.038411 0.131717
0 0.488598 0.867344 0.0470902 0.194291
0 0.854292 0.64048 0.0246038 0.127442
0 0.827562 0.736137 0.0396132 0.150333
0 0.621882 0.751834 0.0299042 0.138227
0 0.189121 0.563575 0.021685 0.0947325
0 0.51975 0.803599 0.0436914 0.208632
0 0.912911 0.761383 0.0329742 0.162764
0 0.978903 0.932791 0.0412518 0.134418
0 0.751191 0.621094 0.0239681 0.131973
6 0.346065 0.68508 0.673092 0.616038
6 0.43995 0.649452 0.757846 0.701096
0 0.700355 0.594336 0.0259945 0.119156
26 0.666179 0.814654 0.0198656 0.0566979
0 0.23162 0.571456 0.0239557 0.0468421
26 0.951927 0.947575 0.0334028 0.103026
0 0.276671 0.91326 0.0406402 0.168996
