6 0.409031 0.634911 0.797055 0.693973
0 0.895738 0.755455 0.0399183 0.177952
0 0.616047 0.849812 0.049778 0.204176
0 0.837063 0.710771 0.0329639 0.155982
0 0.879514 0.94111 0.0553669 0.115841
0 0.543405 0.938373 0.0437769 0.12318
0 0.074115 0.607301 0.0273155 0.0862524
0 0.979613 0.810299 0.0402611 0.192099
0 0.408295 0.953303 0.0365332 0.0904168
0 0.550771 0.819114 0.0336431 0.18059
0 0.127251 0.597546 0.0333263 0.0673017
0 0.295144 0.91834 0.0485259 0.163321
0 0.733201 0.927591 0.0584164 0.144819
0 0.365163 0.922857 0.05467 0.154286
26 0.970684 0.781198 0.0221077 0.0651554
0 0.471444 0.730216 0.0283655 0.155476
0 0.712424 0.741754 0.0311148 0.223395
