0 0.890137 0.719802 0.0355587 0.165956
0 0.973044 0.764354 0.0431236 0.180606
0 0.550082 0.75643 0.0338283 0.148578
0 0.683548 0.798703 0.0394272 0.185374
0 0.547188 0.930113 0.0378837 0.139774
0 0.627657 0.880256 0.0482376 0.204484
0 0.881425 0.907678 0.0462152 0.184643
0 0.38706 0.93248 0.0377559 0.13504
0 0.936848 0.676844 0.0280067 0.133441
0 0.683156 0.652556 0.029016 0.141653
6 0.408909 0.648911 0.786961 0.702178
0 0.593496 0.782241 0.0389475 0.196398
0 0.788967 0.747919 0.0316599 0.147744
0 0.526762 0.732938 0.0267736 0.161208
0 0.586329 0.784202 0.0491729 0.186066
0 0.511937 0.959986 0.0336191 0.0800288
0 0.126118 0.600039 0.0374586 0.0665353
0 0.458014 0.933303 0.031901 0.132666
