0 0.929083 0.898445 0.050931 0.20311
0 0.835973 0.851446 0.0409597 0.195296
0 0.692333 0.789313 0.0480935 0.200707
0 0.487189 0.869256 0.0467804 0.197457
0 0.398321 0.954661 0.0445833 0.0902679
0 0.518663 0.801816 0.0412134 0.202921
0 0.854646 0.641439 0.0252178 0.127973
0 0.826852 0.736893 0.0403191 0.149656
0 0.329469 0.934421 0.0408441 0.131158
0 0.189947 0.563104 0.0222168 0.0951326
0 0.61912 0.753908 0.0349963 0.141344
0 0.979655 0.934139 0.0401398 0.131723
0 0.913082 0.761863 0.0351334 0.16768
0 0.54623 0.746318 0.0319495 0.169929
6 0.345234 0.678132 0.68325 0.616585
0 0.751409 0.620331 0.0232417 0.129073
0 0.231806 0.571083 0.0239787 0.0465178
26 0.665327 0.815965 0.0191488 0.057972
0 0.69909 0.596131 0.0253597 0.115897
0 0.598177 0.71633 0.0283377 0.161756
0 0.43806 0.917454 0.0420341 0.165092
26 0.818535 0.828747 0.0146692 0.0486688
0 0.136658 0.610623 0.0293063 0.0728185
6 0.453923 0.649652 0.72516 0.69213
0 0.444055 0.917726 0.0286804 0.163189
