0 0.634249 0.872545 0.0468136 0.228849
0 0.818317 0.795766 0.0461332 0.174584
0 0.890744 0.836263 0.0450102 0.219657
0 0.727368 0.655593 0.0310762 0.139386
0 0.282403 0.918969 0.054276 0.161755
0 0.857205 0.675043 0.0315744 0.141723
0 0.569983 0.74718 0.0443996 0.190197
0 0.819285 0.915859 0.0472528 0.166121
0 0.628116 0.631923 0.0240483 0.124626
0 0.96271 0.937204 0.0593475 0.125592
0 0.903714 0.590387 0.0246315 0.112368
0 0.237721 0.531771 0.0212498 0.103257
0 0.0351144 0.673752 0.031095 0.0616063
0 0.96193 0.86969 0.0650578 0.152597
0 0.519033 0.743671 0.0265735 0.177462
0 0.140432 0.617258 0.0324907 0.0675693
0 0.960378 0.581773 0.0299084 0.128249
6 0.363111 0.666114 0.717853 0.643669
0 0.192587 0.567696 0.0247286 0.0872974
0 0.881518 0.558379 0.0215736 0.0996998
