6 0.415925 0.6209 0.807878 0.73966
0 0.607247 0.921789 0.0724792 0.156422
0 0.880784 0.898948 0.0563583 0.202104
0 0.713666 0.697519 0.0449744 0.162711
0 0.852746 0.714676 0.0418005 0.164213
0 0.82033 0.956887 0.0480841 0.086225
0 0.821718 0.852203 0.049844 0.180208
0 0.899405 0.585293 0.0298294 0.129909
0 0.142161 0.606519 0.0310567 0.068407
0 0.814119 0.85974 0.035914 0.1642
0 0.307226 0.513734 0.0270156 0.0766512
0 0.824831 0.592596 0.0232731 0.120113
0 0.034814 0.665149 0.0357904 0.0675784
0 0.929454 0.562509 0.0195171 0.0941574
