0 0.915238 0.866506 0.047307 0.219617
0 0.697551 0.766429 0.035288 0.189424
0 0.604694 0.911328 0.035935 0.177343
0 0.407064 0.926742 0.0357047 0.146515
0 0.555833 0.841774 0.0430122 0.221088
0 0.9732 0.914149 0.0530247 0.171703
0 0.897767 0.728072 0.0404942 0.209363
0 0.834838 0.824261 0.0344376 0.193478
6 0.341082 0.680015 0.680536 0.619913
26 0.957088 0.920343 0.028738 0.0852175
0 0.986391 0.801581 0.0267315 0.152223
0 0.0318023 0.671248 0.0288052 0.0593396
0 0.934646 0.768849 0.0335762 0.113267
0 0.646146 0.733532 0.0313428 0.13166
0 0.229587 0.573083 0.0237685 0.0444144
0 0.85527 0.637534 0.0241592 0.118455
0 0.719694 0.578289 0.0308012 0.134043
