0 0.666943 0.815103 0.0406796 0.207515
0 0.828065 0.886289 0.0419437 0.200512
0 0.967399 0.951532 0.0554558 0.0969354
0 0.490461 0.781772 0.0404453 0.19934
0 0.629095 0.715386 0.0310742 0.166414
6 0.338976 0.682641 0.675529 0.608412
0 0.819356 0.758926 0.036701 0.159506
0 0.904611 0.798649 0.040057 0.195929
0 0.93976 0.911913 0.0558041 0.176174
0 0.209089 0.555541 0.0204444 0.0871845
0 0.457008 0.89764 0.0455469 0.201418
0 0.355097 0.950298 0.0452915 0.0994036
0 0.853865 0.657296 0.0278664 0.125953
0 0.953189 0.811759 0.0383297 0.119581
0 0.39452 0.926891 0.0382415 0.146218
0 0.588651 0.768028 0.032516 0.156394
0 0.234559 0.574893 0.0190623 0.0447825
0 0.0393175 0.674212 0.0320817 0.0612304
0 0.743254 0.632788 0.027569 0.136811
26 0.645451 0.843052 0.0199738 0.070147
0 0.139756 0.617182 0.031603 0.0635373
6 0.4385 0.637115 0.783622 0.685025
