6 0.40594 0.640772 0.804363 0.688015
0 0.902712 0.790268 0.0446507 0.194242
0 0.519344 0.954884 0.0524595 0.0901754
0 0.661173 0.910657 0.038863 0.178686
0 0.558634 0.897252 0.0466898 0.201119
0 0.840717 0.746917 0.037051 0.167259
0 0.721392 0.696814 0.0387518 0.165835
0 0.643041 0.733399 0.0356804 0.213972
0 0.105275 0.602837 0.0236639 0.098732
0 0.593438 0.81172 0.0333164 0.193604
0 0.531843 0.791714 0.0293507 0.185131
0 0.042857 0.604357 0.0350256 0.12985
0 0.505542 0.768463 0.0274661 0.156654
26 0.975723 0.835333 0.0255606 0.0652259
0 0.0725714 0.61735 0.027756 0.105217
0 0.894168 0.667941 0.0403027 0.158031
0 0.226313 0.569699 0.0219215 0.0465812
0 0.458432 0.764763 0.0212961 0.156836
0 0.981989 0.867041 0.0354847 0.211405
0 0.973155 0.741743 0.0323328 0.153063
0 0.611884 0.694233 0.0270643 0.134876
0 0.990332 0.867218 0.0186558 0.224145
0 0.862015 0.598466 0.0198112 0.110333
