0 0.876011 0.870227 0.0488075 0.204869
0 0.880706 0.690531 0.037159 0.167866
0 0.4582 0.888394 0.0432812 0.203558
0 0.838032 0.708743 0.0279638 0.158199
0 0.748418 0.902653 0.0494221 0.194693
6 0.392954 0.652496 0.782824 0.689252
0 0.508836 0.908146 0.0479969 0.183708
0 0.544907 0.92997 0.0365072 0.140061
0 0.81027 0.679656 0.0286519 0.145877
0 0.703595 0.627012 0.0244834 0.137536
0 0.21663 0.564781 0.0248234 0.0504888
0 0.619715 0.758704 0.0295766 0.141903
0 0.343109 0.922862 0.0468599 0.154275
0 0.664259 0.780074 0.0335104 0.174236
0 0.951197 0.769754 0.0539318 0.267584
0 0.615268 0.963086 0.0511581 0.0738274
