0 0.926581 0.893334 0.0506674 0.211191
0 0.693578 0.791087 0.0567276 0.202395
0 0.837517 0.848665 0.0375649 0.203534
0 0.407878 0.954977 0.0459793 0.0892898
0 0.827318 0.732674 0.0361378 0.146281
0 0.491696 0.867708 0.0471359 0.193173
0 0.525054 0.813126 0.0442068 0.195389
0 0.853751 0.637834 0.0240501 0.12202
26 0.952559 0.946003 0.0331318 0.100823
0 0.701157 0.586628 0.0284602 0.133852
0 0.7512 0.614893 0.0268225 0.125673
0 0.97965 0.932242 0.0397217 0.135515
0 0.627167 0.7491 0.0300978 0.130554
0 0.564811 0.922419 0.0366817 0.155161
0 0.457678 0.91154 0.0340748 0.17692
0 0.344572 0.929593 0.0340971 0.140814
0 0.184137 0.564725 0.0229523 0.0897661
6 0.443834 0.643761 0.75425 0.693138
26 0.668282 0.815474 0.0182917 0.0549639
0 0.230907 0.573042 0.0232031 0.0449181
0 0.277283 0.90931 0.045271 0.174535
0 0.912428 0.752675 0.0315517 0.165641
6 0.350805 0.680762 0.680663 0.621191
0 0.903653 0.73255 0.0492134 0.19524
