0 0.930042 0.901641 0.0547215 0.196718
0 0.829627 0.87022 0.038419 0.207792
0 0.677161 0.804726 0.0388485 0.206467
0 0.909328 0.780583 0.040979 0.194689
0 0.377549 0.955232 0.0431629 0.0895355
6 0.426917 0.642491 0.825047 0.703857
0 0.609078 0.766107 0.0304728 0.140334
0 0.198074 0.562236 0.0224894 0.0976652
0 0.476791 0.87629 0.0392038 0.198418
0 0.821905 0.747444 0.0361423 0.158671
0 0.503442 0.785742 0.04105 0.17064
0 0.977668 0.944981 0.0430626 0.110039
0 0.300012 0.932119 0.0416049 0.135762
0 0.855412 0.648425 0.0281017 0.127114
0 0.58525 0.725418 0.0352854 0.158021
0 0.420726 0.923527 0.0507468 0.152947
26 0.655223 0.832332 0.0183201 0.0605686
0 0.536374 0.932915 0.0367862 0.132428
0 0.23298 0.575708 0.020062 0.046844
0 0.950536 0.808749 0.0370892 0.13622
