6 0.417009 0.638512 0.796503 0.698101
0 0.897065 0.779042 0.0433022 0.178883
0 0.689201 0.910103 0.0412224 0.179793
0 0.724038 0.681348 0.0319359 0.152756
0 0.578957 0.86687 0.0422695 0.218725
0 0.525716 0.945109 0.0466554 0.109783
0 0.53598 0.790521 0.0323549 0.198312
0 0.979834 0.835367 0.0398205 0.212155
0 0.877164 0.961911 0.0478455 0.0761789
26 0.97288 0.807301 0.0283119 0.0730445
0 0.838609 0.732881 0.0322224 0.16258
0 0.0953948 0.60428 0.0248206 0.0982379
0 0.601685 0.80268 0.0328185 0.18619
0 0.961016 0.718932 0.0309658 0.172921
0 0.512417 0.759998 0.0265655 0.149746
0 0.663321 0.747202 0.0338238 0.167654
0 0.279117 0.90759 0.032958 0.183774
0 0.367047 0.949941 0.042937 0.0986014
0 0.22411 0.564211 0.020903 0.0493384
0 0.887678 0.653952 0.036639 0.143571
0 0.338233 0.936013 0.0413146 0.127752
0 0.0615626 0.618107 0.0279463 0.0940308
0 0.644925 0.703364 0.0257875 0.171871
24 0.974786 0.802133 0.0273031 0.0785663
