0 0.904426 0.82675 0.0440285 0.201096
6 0.421275 0.643347 0.835922 0.711924
0 0.650592 0.873881 0.0321852 0.19081
0 0.609255 0.88867 0.0404068 0.216804
0 0.980042 0.892093 0.0393749 0.215813
0 0.712448 0.727818 0.0346555 0.16799
0 0.892008 0.693046 0.0399052 0.171287
26 0.971171 0.861638 0.0316574 0.0896198
0 0.837718 0.78167 0.0362398 0.177867
0 0.22652 0.575057 0.0207784 0.0463251
0 0.507072 0.914567 0.0388772 0.164936
0 0.975569 0.764595 0.0314386 0.14689
0 0.931622 0.748604 0.0317827 0.125941
