0 0.916775 0.873643 0.0478096 0.211139
0 0.696214 0.767014 0.0360287 0.192044
0 0.835842 0.822467 0.0338394 0.18388
0 0.55284 0.838277 0.0486991 0.226738
26 0.95649 0.920041 0.028993 0.0938405
26 0.676006 0.786686 0.0205584 0.0645199
0 0.399319 0.928088 0.0377394 0.143823
0 0.599028 0.911382 0.0418273 0.177237
0 0.897984 0.728051 0.0414467 0.204397
0 0.498418 0.881978 0.0416498 0.236044
0 0.980367 0.915104 0.0386974 0.169791
0 0.854858 0.636275 0.0230965 0.116621
0 0.277808 0.910878 0.0486119 0.178245
6 0.412667 0.643922 0.811453 0.708593
0 0.715865 0.583165 0.028259 0.129351
0 0.622095 0.707815 0.029187 0.161369
0 0.229898 0.572872 0.0247142 0.0446904
0 0.933875 0.768514 0.0345808 0.112871
0 0.646435 0.735674 0.0264691 0.127651
0 0.987014 0.80196 0.0251554 0.132364
