0 0.829143 0.872098 0.0434013 0.200139
0 0.935196 0.907416 0.0529945 0.185168
0 0.669409 0.812317 0.0410612 0.19985
6 0.340686 0.687378 0.673327 0.602917
0 0.820489 0.750219 0.0390327 0.155826
0 0.365291 0.95183 0.0461743 0.0963408
0 0.975015 0.948088 0.046398 0.103824
0 0.905843 0.789867 0.0413137 0.197475
26 0.650037 0.838817 0.0197754 0.0548038
0 0.854041 0.658652 0.0265078 0.122727
0 0.497287 0.781575 0.0440167 0.198454
0 0.636467 0.712783 0.0338167 0.171091
0 0.204186 0.547612 0.0231097 0.0771645
0 0.595521 0.770105 0.0408768 0.143913
0 0.138812 0.617359 0.0303273 0.0668913
0 0.4656 0.884398 0.0409198 0.203523
26 0.650561 0.825069 0.0208372 0.0887217
0 0.405731 0.921822 0.0327462 0.155772
0 0.23324 0.573849 0.0218696 0.0478238
0 0.0386517 0.673311 0.0322066 0.0585
0 0.746456 0.628447 0.0254505 0.126695
0 0.283743 0.92659 0.0420135 0.146819
0 0.579521 0.717755 0.026134 0.130092
0 0.953258 0.813993 0.0373848 0.129304
