0 0.895687 0.763813 0.0398846 0.182688
6 0.334957 0.681179 0.669914 0.607808
0 0.590257 0.852275 0.0518044 0.226572
0 0.534873 0.938565 0.0412401 0.122871
0 0.541005 0.806387 0.0368322 0.208535
0 0.706225 0.923808 0.0433759 0.152385
0 0.881842 0.953078 0.0548763 0.0938438
0 0.286098 0.915263 0.0417488 0.168588
0 0.980055 0.828065 0.0393253 0.208211
0 0.0841106 0.604954 0.025764 0.0928275
0 0.839477 0.722131 0.0372196 0.160825
0 0.697555 0.780739 0.0358597 0.169043
24 0.971971 0.796222 0.0241245 0.0671288
0 0.387332 0.952168 0.041173 0.0907628
6 0.419836 0.633215 0.796578 0.699323
0 0.725697 0.669982 0.0344288 0.159543
0 0.513722 0.75648 0.0281595 0.15569
0 0.222721 0.56428 0.0229868 0.0508714
0 0.127469 0.601424 0.0309901 0.0741772
