0 0.925548 0.891421 0.0505066 0.217158
0 0.693781 0.790159 0.0577526 0.203883
0 0.410761 0.956562 0.0454327 0.0867479
0 0.838495 0.849334 0.0381639 0.204099
0 0.528797 0.811219 0.0408618 0.200943
0 0.853648 0.637702 0.024366 0.121367
0 0.494097 0.85491 0.0465508 0.190111
0 0.828431 0.725395 0.0358116 0.13301
6 0.341951 0.67474 0.678167 0.61985
26 0.953006 0.945261 0.0320881 0.100204
0 0.353371 0.931216 0.0382349 0.137568
0 0.905252 0.728195 0.049431 0.198587
0 0.703268 0.58705 0.0286953 0.137599
0 0.978029 0.930948 0.0429249 0.138103
0 0.630923 0.750187 0.0256525 0.126732
0 0.462788 0.912951 0.0373987 0.174097
0 0.181729 0.564526 0.0230613 0.0859331
0 0.752369 0.61206 0.0254795 0.124255
0 0.2308 0.571637 0.0240747 0.0450382
6 0.432195 0.643816 0.773318 0.699045
0 0.912418 0.74498 0.0327196 0.150634
0 0.555182 0.742912 0.0277899 0.164119
0 0.0331163 0.672024 0.0286882 0.0580317
0 0.570601 0.919622 0.039624 0.160756
0 0.135972 0.614177 0.0298609 0.0865153
