0 0.817174 0.905581 0.0467538 0.188838
0 0.816462 0.780975 0.0410856 0.1644
0 0.894949 0.830378 0.0438118 0.220134
0 0.730876 0.653821 0.0255363 0.143281
0 0.641552 0.865075 0.043832 0.22209
0 0.857419 0.67344 0.027969 0.141368
0 0.951574 0.931261 0.0675676 0.136965
0 0.581695 0.745292 0.0422106 0.162011
6 0.345058 0.679171 0.690115 0.621073
0 0.300952 0.93309 0.0483318 0.133506
0 0.904792 0.594007 0.0251715 0.113256
0 0.965483 0.851196 0.0402832 0.131353
0 0.87879 0.555004 0.0202879 0.100745
0 0.641239 0.622244 0.0263147 0.128726
0 0.231297 0.525825 0.0213129 0.0693853
6 0.431843 0.631056 0.810154 0.721407
0 0.393352 0.913653 0.0500074 0.172556
0 0.0391063 0.673647 0.0303467 0.0633285
0 0.589853 0.731769 0.0306126 0.1656
