6 0.334858 0.682998 0.667288 0.606023
0 0.895203 0.760732 0.041711 0.189308
0 0.839087 0.716387 0.0366844 0.159883
0 0.881721 0.942662 0.0545713 0.108194
0 0.610238 0.850666 0.0469091 0.209118
0 0.0779332 0.605922 0.0265866 0.0920241
0 0.727814 0.926394 0.0546961 0.147211
0 0.545042 0.798233 0.040344 0.212376
0 0.979668 0.813175 0.0401936 0.193157
0 0.539521 0.94056 0.0416454 0.118184
24 0.970862 0.781089 0.0236498 0.0747599
0 0.127228 0.597948 0.0332948 0.0670077
0 0.704012 0.759502 0.0390061 0.207373
0 0.291501 0.920477 0.0485826 0.159046
0 0.468071 0.730975 0.0314372 0.161961
0 0.401504 0.953985 0.0379422 0.0871358
0 0.514931 0.766844 0.0294865 0.176323
0 0.681892 0.736436 0.0381861 0.169202
0 0.222604 0.560578 0.0209745 0.0502175
0 0.0409867 0.615324 0.0284543 0.0981152
