0 0.63288 0.882956 0.0610788 0.232735
0 0.889364 0.839941 0.0426687 0.217552
0 0.818405 0.796052 0.0454919 0.171899
6 0.338034 0.68131 0.669061 0.620227
0 0.564245 0.752379 0.0383857 0.171987
0 0.725546 0.661584 0.0331383 0.146443
0 0.281265 0.925957 0.0465739 0.144884
26 0.608925 0.916559 0.0228594 0.0818036
0 0.856865 0.67933 0.0329548 0.146755
0 0.195701 0.564783 0.0249407 0.0865773
0 0.0359011 0.673166 0.0347767 0.0623701
0 0.239092 0.531091 0.0203746 0.103971
0 0.902419 0.588486 0.0234354 0.111817
0 0.624599 0.627353 0.0233036 0.127735
0 0.964403 0.939936 0.0643774 0.120129
0 0.517115 0.741945 0.0197296 0.16781
0 0.50696 0.76342 0.0302652 0.167238
