0 0.694398 0.772078 0.0433416 0.18922
0 0.922762 0.886989 0.0516922 0.215564
0 0.585621 0.917483 0.0430069 0.165033
0 0.541214 0.817692 0.0411689 0.209672
0 0.837048 0.836472 0.0308041 0.187083
0 0.854034 0.634741 0.025066 0.123829
6 0.430549 0.63442 0.806733 0.711027
0 0.2794 0.90966 0.048771 0.179905
0 0.503098 0.844705 0.0319605 0.196038
0 0.753905 0.608508 0.0260902 0.137866
0 0.828698 0.712227 0.033493 0.121376
6 0.336648 0.677834 0.668897 0.614964
0 0.637408 0.743662 0.0301222 0.132964
0 0.229707 0.573769 0.0243156 0.0485616
0 0.615517 0.713343 0.0269888 0.154659
0 0.374769 0.93082 0.0352036 0.132698
0 0.992584 0.690071 0.0141054 0.114803
0 0.936386 0.77408 0.0308022 0.110326
0 0.970266 0.922273 0.058601 0.152324
0 0.032328 0.671358 0.0289046 0.0589494
0 0.893417 0.730514 0.0273275 0.15555
0 0.710077 0.585687 0.0297991 0.120911
