0 0.895738 0.76387 0.0389585 0.180565
6 0.335201 0.68086 0.670401 0.608814
0 0.58781 0.85869 0.0520391 0.220688
0 0.880839 0.953905 0.0551201 0.092189
0 0.540619 0.805252 0.0353872 0.206877
0 0.704744 0.921171 0.0460838 0.157657
0 0.0860275 0.603894 0.0251076 0.0912856
0 0.839811 0.721647 0.0358376 0.163192
0 0.532631 0.940013 0.0397792 0.118334
0 0.286299 0.913209 0.0425148 0.173581
0 0.696213 0.781144 0.0346029 0.171379
0 0.979808 0.829848 0.0398849 0.206833
6 0.418075 0.634723 0.800681 0.701895
26 0.971989 0.799438 0.0238571 0.0660658
0 0.384535 0.952461 0.0401026 0.0940313
0 0.222757 0.564649 0.0228036 0.0516075
0 0.128234 0.601668 0.0305037 0.0723994
0 0.725435 0.666708 0.0321716 0.150044
0 0.515545 0.757115 0.0262457 0.149757
