0 0.444642 0.901258 0.0407401 0.197483
0 0.882425 0.702575 0.0362972 0.168833
0 0.880382 0.883636 0.0487434 0.215025
0 0.715741 0.907979 0.051668 0.184042
6 0.401244 0.644465 0.790829 0.689539
0 0.830582 0.720115 0.0250237 0.153744
0 0.965411 0.733452 0.0308605 0.171961
0 0.584781 0.736668 0.0314199 0.146769
0 0.616944 0.753892 0.0310207 0.147208
0 0.501215 0.911502 0.0383873 0.176997
0 0.320476 0.923778 0.0460245 0.152444
0 0.546896 0.929404 0.0392465 0.138939
0 0.805024 0.689408 0.0270847 0.151762
0 0.925587 0.655465 0.0254192 0.117472
0 0.218272 0.567918 0.0232507 0.0492452
24 0.30138 0.915308 0.0162374 0.0656689
0 0.698046 0.634456 0.0269421 0.138148
26 0.669115 0.764573 0.020403 0.0570233
0 0.0185197 0.656284 0.030348 0.0567752
0 0.873815 0.88307 0.0314953 0.212843
0 0.321696 0.932711 0.0352411 0.129955
