0 0.818062 0.907112 0.0447083 0.185777
0 0.816897 0.780545 0.0405281 0.159697
0 0.894528 0.832037 0.0454182 0.220684
0 0.730697 0.655158 0.026438 0.145385
0 0.641552 0.865686 0.0421338 0.222864
0 0.857775 0.67625 0.0280376 0.139878
0 0.58412 0.736731 0.0366331 0.182253
0 0.952067 0.931784 0.0638546 0.136432
6 0.351931 0.672606 0.703861 0.637837
0 0.298984 0.934344 0.0499833 0.131312
0 0.388085 0.915835 0.0482683 0.16833
0 0.639894 0.619682 0.0294274 0.132187
0 0.232211 0.525025 0.0207257 0.0685521
0 0.965838 0.852767 0.0399666 0.133618
0 0.417573 0.947551 0.0442178 0.104899
0 0.905103 0.593832 0.024464 0.113579
0 0.517566 0.784351 0.0343867 0.13594
0 0.879274 0.554786 0.0206867 0.101617
26 0.616465 0.894955 0.0213835 0.0741225
0 0.185495 0.570172 0.017767 0.0653471
24 0.61625 0.892839 0.0212067 0.0727529
5 0.965795 0.408342 0.0679546 0.223237
0 0.0386683 0.673746 0.0307785 0.063404
