0 0.633209 0.882015 0.0579741 0.233836
0 0.889726 0.833388 0.0438519 0.209923
0 0.818166 0.795217 0.0466183 0.172498
0 0.726186 0.661123 0.0324613 0.14893
26 0.610059 0.912781 0.0219714 0.081705
0 0.56631 0.75884 0.0395987 0.162998
0 0.279981 0.922044 0.0492598 0.150805
0 0.857082 0.679829 0.0309849 0.144992
26 0.609817 0.891739 0.0208439 0.123036
6 0.348544 0.674617 0.697088 0.626407
0 0.506422 0.781886 0.0276216 0.137652
0 0.964196 0.939452 0.0607307 0.121095
0 0.626003 0.627758 0.0251419 0.129174
0 0.902898 0.589326 0.0231724 0.110772
0 0.035644 0.673367 0.0339388 0.0632972
0 0.194741 0.564677 0.0248073 0.0867415
6 0.443231 0.637473 0.824748 0.701621
0 0.517177 0.70303 0.0213638 0.0946323
0 0.238342 0.530285 0.0202746 0.103762
0 0.823762 0.915908 0.0448963 0.15848
0 0.960308 0.580985 0.0262466 0.123379
