6 0.412965 0.648577 0.820219 0.695019
0 0.582814 0.847204 0.0411228 0.197312
0 0.62827 0.899363 0.0480553 0.201274
0 0.903785 0.814663 0.041316 0.197957
0 0.843365 0.767567 0.0344379 0.16833
0 0.530804 0.908143 0.0400604 0.183715
0 0.892634 0.683446 0.039518 0.168621
26 0.974944 0.857162 0.0269709 0.0678002
0 0.660159 0.842627 0.0361638 0.176948
0 0.227012 0.574404 0.0215662 0.0452451
0 0.506503 0.960843 0.0420994 0.0783139
0 0.720521 0.711559 0.0385841 0.163093
0 0.981966 0.882749 0.0355331 0.231042
24 0.976373 0.853257 0.0290115 0.0856391
0 0.0814199 0.614297 0.025727 0.104849
0 0.118762 0.599913 0.0253058 0.0991272
0 0.968885 0.756047 0.0458364 0.159283
0 0.843231 0.659213 0.0359781 0.0881004
0 0.528171 0.76542 0.0268461 0.122774
