6 0.422105 0.636839 0.825239 0.704343
0 0.903157 0.795825 0.045026 0.189923
0 0.517298 0.956131 0.0515751 0.0877389
0 0.842791 0.759834 0.0359249 0.167964
0 0.554475 0.9008 0.0452902 0.19415
0 0.503304 0.771198 0.0311964 0.163911
0 0.108513 0.600374 0.0266038 0.107326
0 0.660244 0.900298 0.0448411 0.199404
0 0.592255 0.831008 0.0329626 0.185006
0 0.045893 0.604735 0.0327696 0.133547
0 0.893076 0.674998 0.0391739 0.171587
0 0.0741807 0.617209 0.0296414 0.109199
26 0.976816 0.831074 0.0258862 0.0811978
0 0.227076 0.571907 0.0207418 0.0446793
0 0.718277 0.701912 0.0319706 0.157393
0 0.720408 0.700331 0.0445443 0.168855
24 0.977477 0.832902 0.0277693 0.0854555
0 0.53116 0.788665 0.0310644 0.188055
0 0.662379 0.90086 0.0320799 0.185355
0 0.990206 0.87001 0.0189455 0.214712
0 0.843632 0.649985 0.0355885 0.0868609
0 0.925765 0.722878 0.0290749 0.114724
0 0.861978 0.592676 0.0197941 0.0971056
