6 0.416133 0.640909 0.82716 0.709766
0 0.640022 0.879197 0.0369818 0.186224
0 0.910971 0.842039 0.0478392 0.21636
0 0.895304 0.707237 0.0427874 0.195307
0 0.596722 0.867197 0.0371662 0.214696
0 0.83715 0.793087 0.0387383 0.171915
0 0.711333 0.734703 0.0342371 0.175198
0 0.983954 0.90054 0.0316086 0.198919
0 0.551445 0.869722 0.039065 0.211234
0 0.226615 0.574636 0.0212696 0.0487296
0 0.298272 0.922374 0.0312206 0.155252
26 0.968085 0.892962 0.0263414 0.0716841
0 0.858169 0.623379 0.023637 0.114603
0 0.838524 0.683218 0.0350422 0.0961058
0 0.097954 0.610586 0.0254409 0.0985974
0 0.131575 0.614275 0.0307115 0.0703901
