6 0.417102 0.624842 0.801842 0.731762
0 0.607878 0.919331 0.0716595 0.161339
0 0.88027 0.898706 0.0541927 0.202588
0 0.714187 0.694321 0.0453974 0.15884
0 0.853317 0.712116 0.0405756 0.165462
0 0.820699 0.955135 0.0480766 0.0897306
0 0.821892 0.853767 0.0496826 0.184742
0 0.899176 0.584576 0.0300461 0.131124
0 0.815552 0.860927 0.0369406 0.167443
0 0.141834 0.611056 0.0311482 0.0827174
0 0.306761 0.513938 0.0279356 0.0778983
0 0.0347324 0.665165 0.0359596 0.0682339
0 0.824197 0.592433 0.023588 0.122335
0 0.285476 0.958845 0.0307823 0.0823095
