6 0.411817 0.639856 0.80949 0.69437
0 0.903048 0.795189 0.0442577 0.190582
0 0.517774 0.95564 0.0526893 0.0881439
0 0.842039 0.756168 0.0362965 0.171607
0 0.556189 0.899464 0.0438963 0.200692
0 0.65829 0.901754 0.0401237 0.196493
0 0.107032 0.601296 0.0252318 0.103246
0 0.0458838 0.608003 0.035867 0.139906
0 0.591914 0.822508 0.0315625 0.193659
0 0.530599 0.791715 0.0306362 0.187094
0 0.718179 0.698862 0.0333708 0.15491
0 0.501231 0.768361 0.0372417 0.160342
0 0.226954 0.571376 0.0204569 0.0451141
26 0.976781 0.83256 0.0254883 0.0769443
24 0.977495 0.832593 0.0274738 0.0823975
0 0.893713 0.659932 0.0389603 0.14225
0 0.0742848 0.618804 0.027971 0.104504
0 0.990094 0.871238 0.019141 0.212081
0 0.893425 0.641247 0.0385416 0.0986287
0 0.924323 0.719412 0.0317751 0.108034
0 0.979494 0.864679 0.0323147 0.202392
