0 0.899709 0.783328 0.0399429 0.187925
6 0.339796 0.683333 0.679218 0.612252
0 0.524047 0.948272 0.0502695 0.103457
0 0.572244 0.879573 0.0402298 0.212092
0 0.879483 0.966337 0.0407211 0.0673269
0 0.598157 0.806704 0.0336344 0.172134
0 0.100231 0.601816 0.025826 0.0987483
0 0.53407 0.790613 0.0291679 0.196236
0 0.839761 0.737105 0.0319626 0.163188
0 0.679643 0.909477 0.0392675 0.181046
0 0.722622 0.684454 0.0341495 0.159472
0 0.0394316 0.597243 0.0285144 0.122673
26 0.973315 0.815711 0.0267576 0.0649594
0 0.360715 0.95094 0.0424256 0.0908844
6 0.41342 0.632168 0.820409 0.723258
0 0.510505 0.765464 0.0285755 0.154046
0 0.654488 0.748384 0.0360653 0.169887
0 0.224541 0.565399 0.0211807 0.0477045
0 0.0651395 0.614459 0.0298036 0.106916
0 0.279347 0.909285 0.0362472 0.18143
0 0.980861 0.842335 0.0377764 0.210436
24 0.667308 0.889842 0.0210382 0.08117
0 0.128927 0.605734 0.0320577 0.0701935
0 0.890366 0.665181 0.0391983 0.164842
0 0.966987 0.735534 0.0271608 0.151558
0 0.328717 0.937332 0.0434794 0.124511
0 0.470039 0.752909 0.0263498 0.131865
0 0.643303 0.705735 0.0237948 0.149968
