0 0.912044 0.85192 0.0479721 0.208721
0 0.627262 0.895265 0.0397863 0.187141
0 0.710668 0.750187 0.043717 0.186016
0 0.535805 0.889162 0.0492277 0.215336
0 0.98376 0.90438 0.0319149 0.19124
0 0.579981 0.863723 0.0440578 0.204707
0 0.840385 0.799668 0.0398167 0.18362
6 0.412002 0.643192 0.814125 0.706348
26 0.965335 0.899308 0.0299385 0.0724335
0 0.291603 0.918778 0.0371426 0.162445
0 0.227375 0.57452 0.0226192 0.0472312
0 0.89794 0.713505 0.041087 0.182886
0 0.857364 0.622927 0.0245594 0.110713
0 0.980632 0.788881 0.0300972 0.135693
0 0.836441 0.690744 0.0385563 0.0993915
0 0.131843 0.615909 0.0279015 0.0639442
0 0.893057 0.567349 0.0200951 0.119746
0 0.0299199 0.672383 0.0287106 0.0594135
0 0.103771 0.607996 0.0248715 0.0977614
