0 0.452793 0.899142 0.048307 0.199385
6 0.398307 0.645288 0.789922 0.690236
0 0.877385 0.87205 0.0498905 0.197623
0 0.834114 0.712066 0.0280827 0.146009
0 0.881429 0.694797 0.0355232 0.144808
0 0.653721 0.778678 0.0352701 0.17756
0 0.723279 0.905902 0.059382 0.188196
0 0.501752 0.913152 0.0480292 0.173696
0 0.620416 0.755699 0.0322453 0.147809
0 0.546019 0.929827 0.0372879 0.139281
0 0.924505 0.652666 0.0261925 0.115489
0 0.961019 0.727167 0.0339615 0.165449
0 0.330304 0.929806 0.051637 0.140387
0 0.701432 0.632678 0.0279427 0.141222
0 0.809384 0.68179 0.029739 0.147983
0 0.588141 0.734386 0.030541 0.141726
0 0.0180392 0.655664 0.0306426 0.0578786
0 0.573182 0.711571 0.0317793 0.172789
0 0.613172 0.969982 0.0273075 0.0580665
0 0.217584 0.566369 0.0239626 0.0526055
