6 0.422186 0.628592 0.776382 0.723717
0 0.88086 0.88578 0.0508293 0.228439
0 0.857937 0.700063 0.0329449 0.155594
0 0.608858 0.905719 0.05025 0.188562
0 0.722634 0.691321 0.0336266 0.160242
0 0.819194 0.832452 0.0524918 0.172335
0 0.815686 0.947466 0.0565691 0.105067
0 0.141469 0.612645 0.0323275 0.0870219
0 0.498743 0.748541 0.0376494 0.182504
0 0.901966 0.596008 0.0274555 0.111371
0 0.818992 0.585558 0.0197361 0.111436
0 0.0309403 0.668461 0.0385139 0.0662401
0 0.473419 0.734868 0.0267533 0.178679
