0 0.883478 0.901915 0.043782 0.194987
0 0.886741 0.708208 0.0371494 0.172047
0 0.700875 0.790323 0.0403931 0.178015
0 0.402963 0.924381 0.0467525 0.151237
0 0.648637 0.89306 0.035988 0.211089
0 0.546234 0.929934 0.0360579 0.138966
0 0.972612 0.75344 0.0360333 0.177147
0 0.559882 0.752492 0.0322168 0.150836
0 0.799608 0.741758 0.0382092 0.14197
6 0.409143 0.642994 0.796962 0.707544
0 0.280366 0.920382 0.0497809 0.159235
0 0.535717 0.731958 0.0266997 0.156314
0 0.470225 0.923236 0.04738 0.15259
0 0.605277 0.79209 0.0393892 0.180209
0 0.688555 0.643285 0.0286094 0.143276
0 0.934694 0.670569 0.0280163 0.125579
0 0.219103 0.567839 0.0237087 0.0459761
