0 0.663028 0.817121 0.0368776 0.186432
0 0.890844 0.734148 0.0372547 0.173717
6 0.412103 0.644938 0.796715 0.699605
0 0.594073 0.859608 0.0587814 0.198861
0 0.879786 0.917979 0.0495953 0.164043
0 0.364387 0.932457 0.0518345 0.135086
0 0.978314 0.777686 0.0423115 0.179583
0 0.674904 0.654368 0.0300489 0.138022
0 0.616498 0.731537 0.028305 0.131765
0 0.808251 0.969694 0.0423126 0.060613
0 0.510602 0.749347 0.0284393 0.143634
0 0.968527 0.784505 0.0297438 0.173795
24 0.96677 0.748645 0.0222034 0.0681922
0 0.542462 0.776936 0.0416011 0.188682
0 0.797991 0.969039 0.0629559 0.0619214
0 0.12545 0.60151 0.0340486 0.0706852
0 0.536201 0.757346 0.0307563 0.150419
0 0.845533 0.696455 0.0303581 0.14913
0 0.549478 0.935906 0.0300489 0.128188
0 0.426812 0.926101 0.0417614 0.147798
0 0.485034 0.960135 0.0291428 0.0793355
0 0.221683 0.564809 0.0225294 0.0440856
