0 0.895117 0.747863 0.0392963 0.178878
6 0.404468 0.639675 0.772302 0.680964
0 0.756966 0.939999 0.0764921 0.118923
0 0.549456 0.937983 0.0492041 0.124034
0 0.622161 0.833796 0.0386747 0.202558
0 0.876809 0.936296 0.0517185 0.123722
0 0.064055 0.614793 0.0283188 0.0960808
0 0.837049 0.704162 0.0323944 0.155368
0 0.556303 0.809039 0.0306913 0.177998
0 0.386905 0.92691 0.0353759 0.145853
0 0.126948 0.596776 0.0335114 0.0667357
0 0.979352 0.806016 0.0401518 0.189931
0 0.704503 0.723 0.0314941 0.153834
0 0.516559 0.774805 0.0378172 0.178695
0 0.306928 0.920133 0.0492435 0.159733
0 0.728472 0.667359 0.0293982 0.176946
0 0.421936 0.955931 0.0407143 0.0853544
0 0.222363 0.559627 0.0202494 0.0509009
0 0.476765 0.734161 0.0384657 0.156321
24 0.968631 0.784529 0.0211555 0.0551348
