0 0.911985 0.863673 0.0500166 0.215381
0 0.61446 0.906074 0.0403453 0.187851
0 0.702977 0.753945 0.0424726 0.182204
0 0.517783 0.880336 0.0480818 0.237673
0 0.568756 0.84731 0.0430345 0.213593
6 0.40789 0.647295 0.804866 0.704313
0 0.895401 0.716074 0.0428879 0.193912
0 0.98555 0.911706 0.028307 0.176588
0 0.837996 0.814065 0.0351791 0.189607
0 0.429603 0.92925 0.034381 0.141501
0 0.289042 0.922849 0.0322596 0.154247
0 0.228654 0.573861 0.0238213 0.0456226
0 0.984025 0.79197 0.0307343 0.136593
26 0.962042 0.924493 0.0287792 0.0659563
0 0.727172 0.578361 0.0254255 0.134685
0 0.834287 0.705607 0.0322931 0.127367
0 0.855676 0.628721 0.0255966 0.124331
26 0.961971 0.906514 0.0298485 0.0959586
0 0.110989 0.599828 0.0226667 0.0984397
0 0.986732 0.667601 0.0257221 0.141461
