0 0.710072 0.789324 0.0372786 0.175327
0 0.884686 0.900083 0.0436874 0.199833
0 0.660938 0.892446 0.0405298 0.20335
0 0.886406 0.706896 0.0354481 0.167036
0 0.405492 0.922205 0.0416423 0.155591
0 0.97209 0.751859 0.0354767 0.177244
0 0.563047 0.74531 0.031896 0.142187
6 0.400142 0.651982 0.791209 0.696035
0 0.546263 0.929419 0.0355457 0.139535
0 0.279622 0.930811 0.0406538 0.138288
0 0.805502 0.740276 0.0363306 0.142962
0 0.609889 0.7861 0.0468719 0.195123
0 0.539912 0.725139 0.0236017 0.157583
0 0.689888 0.644118 0.0264085 0.146196
0 0.21883 0.569028 0.0233447 0.0437361
26 0.883745 0.875464 0.0402508 0.0662192
0 0.485321 0.926945 0.0246347 0.140174
0 0.933906 0.668534 0.0275436 0.122108
0 0.789892 0.703828 0.0259335 0.150418
