6 0.334417 0.684082 0.668833 0.603458
0 0.895739 0.765152 0.0388138 0.179487
0 0.587759 0.864271 0.0523619 0.210019
0 0.879422 0.955731 0.054232 0.0885386
0 0.0878049 0.602991 0.0262847 0.0917592
0 0.702882 0.916448 0.0474119 0.167105
0 0.540278 0.801695 0.0349998 0.213391
0 0.840048 0.722609 0.035363 0.167769
0 0.287309 0.911319 0.0445068 0.177363
6 0.43116 0.631871 0.845697 0.700576
0 0.531198 0.940108 0.0410625 0.118603
0 0.222304 0.563798 0.0235623 0.050553
0 0.979484 0.831912 0.0405348 0.20712
0 0.0302676 0.604697 0.0272833 0.143226
0 0.128269 0.601824 0.0306939 0.0712865
0 0.695645 0.780956 0.0326954 0.1689
26 0.972555 0.801637 0.0249214 0.0688699
0 0.645922 0.696914 0.025156 0.172398
