6 0.412931 0.64014 0.81894 0.714667
0 0.911543 0.836233 0.0482693 0.224315
0 0.629911 0.894795 0.0403511 0.19309
0 0.710219 0.749288 0.0413435 0.188075
0 0.59102 0.865803 0.0358239 0.198071
0 0.293283 0.914918 0.0391289 0.169775
26 0.966735 0.88783 0.0296078 0.0918688
0 0.856787 0.620558 0.024017 0.112602
0 0.226797 0.57533 0.0216531 0.0492599
0 0.984139 0.896895 0.0311419 0.204603
0 0.837828 0.68866 0.0386078 0.102049
0 0.838914 0.802436 0.04056 0.183665
0 0.891582 0.575964 0.019952 0.0972797
0 0.979041 0.783405 0.0322208 0.150537
0 0.594194 0.856953 0.0275148 0.178868
0 0.898123 0.713805 0.0418854 0.189623
0 0.100101 0.610267 0.0244543 0.0978056
0 0.50688 0.771391 0.0331433 0.171268
0 0.833609 0.583538 0.0356073 0.142343
0 0.678982 0.717382 0.0331629 0.134438
0 0.0299874 0.67257 0.0296222 0.0598628
0 0.842689 0.768867 0.0326614 0.107926
