0 0.648866 0.850853 0.0469091 0.212538
0 0.897777 0.820244 0.0431877 0.208953
6 0.333993 0.690255 0.667986 0.600402
0 0.819193 0.903653 0.0457691 0.192694
0 0.855939 0.668116 0.0326944 0.145739
0 0.321712 0.933313 0.0535805 0.133375
0 0.599129 0.736128 0.0435582 0.173747
0 0.732762 0.644373 0.0312428 0.13225
0 0.815544 0.780832 0.0363167 0.164361
0 0.466381 0.760156 0.0237738 0.199384
26 0.622955 0.877927 0.0206871 0.0600908
0 0.40862 0.908088 0.043171 0.183823
0 0.966847 0.837547 0.0362259 0.1201
0 0.591276 0.731129 0.0577486 0.184068
0 0.652874 0.609506 0.0334578 0.148374
0 0.0395041 0.675171 0.032122 0.0611023
0 0.962858 0.966184 0.0343441 0.0676329
0 0.537746 0.789707 0.0455527 0.131744
0 0.876374 0.55538 0.0196735 0.102723
0 0.22718 0.545191 0.0224172 0.09682
0 0.487092 0.737353 0.0267145 0.174682
0 0.904825 0.59475 0.022678 0.108674
0 0.13986 0.618167 0.0334424 0.0671429
