6 0.403799 0.649309 0.800694 0.689995
0 0.883259 0.890684 0.0484413 0.214148
0 0.57798 0.738498 0.0336223 0.142445
0 0.705949 0.900177 0.0439674 0.198679
0 0.433345 0.909594 0.0386657 0.180812
0 0.968048 0.739558 0.0336075 0.17163
0 0.884811 0.698247 0.0359739 0.160977
0 0.61502 0.750881 0.0278538 0.145089
0 0.310028 0.932057 0.0433733 0.135886
0 0.547373 0.928141 0.0398359 0.140305
0 0.826232 0.730246 0.0274778 0.154689
0 0.490734 0.914258 0.0435593 0.171484
0 0.642896 0.786831 0.0450661 0.177849
0 0.499352 0.914575 0.0273257 0.170851
0 0.801504 0.690781 0.0277573 0.141252
0 0.92795 0.663144 0.0256994 0.124048
0 0.217992 0.568394 0.0242559 0.0500281
0 0.696225 0.638177 0.0243916 0.138841
