0 0.894002 0.748598 0.042009 0.177908
0 0.548843 0.93861 0.0479536 0.122781
6 0.344553 0.675622 0.684328 0.623611
0 0.616899 0.850425 0.0378269 0.210202
0 0.552504 0.804169 0.0336155 0.185513
6 0.457484 0.644169 0.827149 0.685895
0 0.383635 0.924062 0.0379804 0.149197
0 0.702631 0.722586 0.0294369 0.152806
0 0.0674673 0.613473 0.0298793 0.0926841
0 0.877941 0.939779 0.0509113 0.120066
0 0.836326 0.703713 0.0338318 0.156927
0 0.127231 0.596772 0.0328275 0.0659673
0 0.984208 0.81001 0.0309528 0.192855
0 0.303382 0.918343 0.0506947 0.163314
24 0.968658 0.781601 0.0214706 0.0655151
0 0.752373 0.937672 0.0767529 0.124657
0 0.473936 0.733061 0.0321333 0.164518
0 0.0351198 0.622646 0.0301692 0.0916069
0 0.222272 0.558681 0.0199428 0.0481737
0 0.508018 0.771985 0.0446354 0.175976
