0 0.89675 0.770829 0.0408331 0.187204
6 0.337247 0.683325 0.674495 0.613079
0 0.695912 0.908729 0.0468342 0.182541
6 0.456281 0.6351 0.883727 0.704786
0 0.875594 0.959249 0.0504078 0.0815018
0 0.885222 0.650662 0.0381554 0.149382
0 0.538202 0.797859 0.0333394 0.20767
0 0.0926012 0.603593 0.0251409 0.0943011
0 0.979106 0.834364 0.0412508 0.206271
0 0.527465 0.942983 0.0441784 0.114034
0 0.587082 0.869978 0.0603421 0.205917
0 0.282306 0.908267 0.0385797 0.183466
0 0.840155 0.727576 0.0338869 0.16308
0 0.725548 0.678556 0.0313419 0.15474
0 0.0335177 0.601207 0.0287808 0.141454
0 0.645924 0.697763 0.0264874 0.166782
26 0.971736 0.812162 0.0248661 0.0552073
0 0.22374 0.563164 0.0223058 0.0463369
0 0.108007 0.234642 0.0204943 0.103592
0 0.0571767 0.617031 0.024858 0.0987846
0 0.130309 0.616696 0.0273896 0.0919678
0 0.513445 0.758636 0.026482 0.151083
0 0.602232 0.797689 0.0333076 0.187001
