0 0.895796 0.769539 0.0406996 0.184245
6 0.334117 0.684805 0.668234 0.607749
0 0.698746 0.911128 0.0474371 0.177744
0 0.283242 0.910661 0.0398575 0.178678
0 0.587969 0.860604 0.0597336 0.219162
0 0.540145 0.80178 0.035366 0.211312
0 0.876265 0.957916 0.0512711 0.0841677
0 0.979879 0.832368 0.0397285 0.206933
0 0.0898209 0.602763 0.0251311 0.095951
0 0.839697 0.724122 0.0345722 0.164297
0 0.529021 0.94064 0.04368 0.11872
0 0.0313284 0.60388 0.03121 0.145245
6 0.439945 0.642582 0.74018 0.701783
26 0.972516 0.80652 0.0249313 0.0615268
0 0.724211 0.675825 0.03374 0.155318
0 0.129722 0.610126 0.0290785 0.0847702
0 0.64572 0.696161 0.0271276 0.174508
0 0.223352 0.564012 0.0213538 0.0500478
0 0.37776 0.9523 0.0422004 0.0936123
0 0.672819 0.736413 0.0251188 0.175569
