0 0.898382 0.780281 0.0411591 0.181853
0 0.576023 0.875835 0.0389624 0.205274
6 0.338494 0.683176 0.676035 0.617757
0 0.723297 0.680813 0.033195 0.156197
0 0.688487 0.910576 0.0369909 0.178848
0 0.525568 0.945749 0.0465476 0.108502
0 0.980025 0.836896 0.0394426 0.214621
0 0.5356 0.789905 0.031242 0.197249
0 0.877761 0.96218 0.0470995 0.0756398
26 0.97369 0.80716 0.027673 0.073328
0 0.600773 0.798349 0.031144 0.170086
0 0.837745 0.737105 0.032464 0.160185
0 0.888711 0.65989 0.036585 0.154524
0 0.661636 0.747887 0.0334963 0.160232
0 0.962404 0.722512 0.0321835 0.16187
0 0.0970643 0.604509 0.0252427 0.100936
0 0.511001 0.764358 0.0303507 0.162152
0 0.279097 0.907469 0.0322095 0.183628
6 0.428041 0.649844 0.761278 0.700312
0 0.224248 0.566512 0.0204611 0.0522268
0 0.337624 0.934786 0.0429233 0.12828
0 0.365909 0.95234 0.0407662 0.094283
24 0.975404 0.802905 0.0274307 0.0796863
