0 0.667576 0.839187 0.0550029 0.216294
0 0.82924 0.894583 0.0469206 0.209088
0 0.619064 0.722065 0.0342541 0.175757
0 0.477372 0.776958 0.0384727 0.1987
0 0.4399 0.91247 0.0457481 0.17506
0 0.900341 0.806432 0.0412045 0.188648
0 0.945829 0.916477 0.0553253 0.167046
0 0.819302 0.775562 0.0426609 0.176473
0 0.85287 0.662216 0.0309761 0.132158
0 0.569597 0.780091 0.0445963 0.147075
0 0.349676 0.951083 0.0603665 0.0978329
0 0.953174 0.814521 0.0451138 0.115163
0 0.741482 0.640989 0.0252087 0.134061
0 0.216997 0.555597 0.0226814 0.0943174
0 0.506913 0.760777 0.0327592 0.179874
0 0.0388296 0.674205 0.0316923 0.0601659
0 0.96832 0.959345 0.0447336 0.0813097
0 0.140184 0.617165 0.0321586 0.0682132
6 0.352692 0.680731 0.705383 0.606185
0 0.369987 0.909235 0.0321306 0.112335
