6 0.402845 0.64578 0.794411 0.689008
0 0.8805 0.883716 0.0483742 0.209834
0 0.882572 0.701708 0.0368534 0.166151
0 0.441544 0.901162 0.0368256 0.197676
0 0.316585 0.920399 0.0496999 0.15822
0 0.713194 0.918768 0.0468813 0.162464
0 0.96582 0.734485 0.0309265 0.174277
0 0.616459 0.754774 0.0296156 0.145463
0 0.584168 0.737253 0.0300135 0.145336
0 0.496412 0.911738 0.0438303 0.176524
0 0.546874 0.928895 0.0398529 0.137748
0 0.804491 0.691013 0.0275343 0.155371
0 0.218422 0.567613 0.0234544 0.0499846
0 0.829265 0.717138 0.023452 0.142989
0 0.925764 0.657268 0.0239416 0.117387
0 0.643284 0.783395 0.0472948 0.180035
0 0.566259 0.712538 0.0271308 0.161779
0 0.0185758 0.656896 0.0293306 0.0555952
0 0.502995 0.913546 0.0288733 0.172908
