0 0.918289 0.877821 0.0479076 0.210541
0 0.596261 0.911181 0.0392574 0.177638
0 0.694108 0.768398 0.0367201 0.191339
0 0.837106 0.823662 0.032053 0.183374
0 0.492703 0.908614 0.0341007 0.182773
26 0.955991 0.922227 0.0301151 0.0928653
0 0.55025 0.834848 0.0485407 0.220082
0 0.394126 0.931805 0.043205 0.136389
0 0.854152 0.636045 0.0251503 0.119034
0 0.897827 0.731987 0.0392685 0.205546
0 0.645094 0.736534 0.028497 0.139325
0 0.980241 0.917411 0.0386066 0.165178
0 0.278892 0.912968 0.0461115 0.171517
0 0.755001 0.610207 0.0256261 0.134984
0 0.229357 0.572186 0.0245979 0.0450632
0 0.935149 0.777361 0.0318016 0.120619
0 0.618154 0.709664 0.0274876 0.151096
0 0.0318122 0.671513 0.0265786 0.0589881
