0 0.917133 0.871151 0.0485901 0.217539
0 0.694145 0.765813 0.036566 0.19302
0 0.836935 0.822781 0.0317638 0.18317
0 0.597305 0.912158 0.0414433 0.175684
0 0.898317 0.72853 0.0419636 0.2067
26 0.956248 0.920237 0.0296555 0.0940076
0 0.55144 0.835751 0.04834 0.216236
0 0.398037 0.930017 0.0448356 0.139966
0 0.98051 0.915094 0.038393 0.169813
0 0.854612 0.636136 0.0245857 0.113853
0 0.645812 0.737794 0.0278009 0.130074
6 0.42503 0.64313 0.751531 0.692257
0 0.715127 0.584659 0.0285141 0.125022
26 0.676327 0.793599 0.0196644 0.0511088
0 0.620281 0.707914 0.0304515 0.161211
0 0.498546 0.882476 0.0451592 0.235048
26 0.676093 0.773795 0.0201958 0.092121
0 0.229574 0.572368 0.0251063 0.0453513
0 0.935452 0.773385 0.0291302 0.114435
0 0.0317273 0.671753 0.0272664 0.0588373
0 0.986459 0.806986 0.026564 0.164594
0 0.894719 0.564383 0.0233133 0.13579
0 0.753784 0.611127 0.0260073 0.132536
0 0.279054 0.910041 0.0476553 0.178153
0 0.830006 0.704279 0.0316578 0.116992
