6 0.429505 0.634979 0.856349 0.717271
0 0.64394 0.875075 0.0348797 0.188157
0 0.909471 0.841623 0.0456608 0.221793
0 0.711817 0.732191 0.0368123 0.177128
0 0.599395 0.88678 0.0381257 0.226439
0 0.893744 0.706139 0.0428391 0.195331
0 0.554458 0.874167 0.0351206 0.197371
0 0.83831 0.787979 0.0363306 0.170544
0 0.982779 0.898982 0.0339829 0.202037
0 0.22663 0.574826 0.0211569 0.0491752
26 0.968131 0.878267 0.0281202 0.0870305
0 0.482849 0.961023 0.0358221 0.0779539
0 0.132216 0.615244 0.0302536 0.0674155
0 0.0964269 0.609938 0.0250795 0.0986581
0 0.611496 0.727718 0.0322416 0.148943
0 0.839323 0.681059 0.0344486 0.0936574
