0 0.896136 0.767676 0.0392311 0.181413
6 0.334633 0.681292 0.669266 0.612309
0 0.701349 0.913131 0.0471621 0.173737
0 0.589318 0.843561 0.058128 0.250348
0 0.877301 0.956614 0.0525986 0.0867723
0 0.0892143 0.603661 0.0257354 0.0931738
0 0.540007 0.802786 0.0353937 0.21197
0 0.83966 0.721841 0.0339359 0.168217
0 0.283834 0.910773 0.0375044 0.178454
0 0.979583 0.832303 0.0403345 0.206535
26 0.972615 0.803151 0.0253067 0.0706431
0 0.530183 0.941552 0.0420218 0.115817
6 0.43077 0.632453 0.836023 0.703785
0 0.0313183 0.604215 0.0300333 0.14501
0 0.484536 0.76694 0.033642 0.176875
0 0.222937 0.56329 0.0223387 0.0510859
0 0.129247 0.60295 0.0295695 0.066187
0 0.694657 0.779556 0.0322263 0.170449
0 0.723707 0.676137 0.0353733 0.154242
0 0.377904 0.953327 0.0399904 0.0915305
