0 0.654375 0.847279 0.0491714 0.210617
0 0.821287 0.903509 0.0448065 0.192524
0 0.89908 0.817469 0.0444084 0.206644
0 0.601991 0.731961 0.0374662 0.17975
0 0.414151 0.909209 0.0454 0.181582
0 0.855905 0.670156 0.0354414 0.146765
6 0.336695 0.687602 0.673391 0.598282
0 0.326705 0.927844 0.0593572 0.144313
0 0.817727 0.775849 0.0419989 0.158831
0 0.467362 0.757653 0.0241637 0.19121
0 0.734488 0.642641 0.0315155 0.134737
0 0.966083 0.831578 0.0345804 0.123188
26 0.626531 0.866406 0.0214489 0.0626499
0 0.323043 0.941649 0.0508363 0.116703
0 0.0395101 0.674358 0.0314773 0.0595536
0 0.488545 0.73767 0.0285603 0.164225
0 0.542396 0.789473 0.0379902 0.134384
0 0.139822 0.618029 0.0334141 0.0658802
0 0.90485 0.594165 0.0223219 0.103354
26 0.805518 0.893608 0.0168688 0.0646237
