0 0.911565 0.861818 0.0493769 0.21527
0 0.709812 0.751567 0.0412487 0.18128
0 0.623297 0.899961 0.0337119 0.196183
0 0.896659 0.71421 0.0421425 0.182847
26 0.686273 0.772472 0.0217648 0.0566845
0 0.840343 0.80134 0.0371206 0.191395
6 0.40267 0.647281 0.79707 0.702361
0 0.577198 0.862689 0.044464 0.201416
0 0.53506 0.887 0.0458154 0.226
26 0.964691 0.898943 0.0316639 0.0883328
0 0.288332 0.917721 0.0404666 0.164559
0 0.981051 0.906938 0.0373455 0.186123
26 0.964199 0.908468 0.0304043 0.0640255
0 0.502898 0.766916 0.0351358 0.169168
0 0.227978 0.573904 0.0236142 0.0452035
0 0.983348 0.788675 0.0306469 0.131036
0 0.0304341 0.672228 0.0280622 0.0600662
0 0.857082 0.625495 0.0250923 0.10951
0 0.448606 0.925559 0.0363251 0.145002
0 0.836337 0.690613 0.0388954 0.101228
0 0.133488 0.615626 0.0273483 0.0657882
0 0.106203 0.605309 0.0228716 0.0988909
0 0.671243 0.725113 0.0310627 0.142709
