0 0.907738 0.840016 0.0426878 0.217121
6 0.435936 0.632321 0.871048 0.726224
0 0.648614 0.872941 0.0339218 0.192729
0 0.712283 0.730025 0.0326578 0.173768
26 0.969548 0.868355 0.0300114 0.0870726
0 0.892599 0.705299 0.0419289 0.195891
0 0.837705 0.783453 0.0355331 0.174612
0 0.984449 0.890998 0.0305485 0.215991
0 0.603133 0.888431 0.0439474 0.222808
0 0.558446 0.869156 0.0500685 0.200149
0 0.226504 0.575125 0.0209589 0.0479913
0 0.617127 0.718633 0.0275833 0.142642
0 0.498325 0.911882 0.0401054 0.175885
0 0.468791 0.77542 0.0294 0.183603
0 0.0932062 0.610356 0.0242278 0.100628
0 0.486667 0.963542 0.0291553 0.0729168
