0 0.645516 0.85734 0.0443369 0.220115
0 0.897319 0.821597 0.0441698 0.205339
0 0.818615 0.903647 0.0442448 0.192706
6 0.343437 0.676775 0.686874 0.627631
0 0.856968 0.667493 0.0317593 0.140201
0 0.595382 0.738561 0.0481579 0.173448
0 0.732467 0.645394 0.0310537 0.129951
0 0.816418 0.778555 0.0376104 0.162774
0 0.317963 0.931494 0.0546124 0.137012
0 0.535988 0.787139 0.0504049 0.136524
0 0.485437 0.738939 0.0273178 0.174592
0 0.966845 0.843195 0.0382591 0.126031
0 0.649455 0.614015 0.0299189 0.140502
0 0.0397372 0.674728 0.032683 0.0618547
0 0.876859 0.556381 0.0202065 0.0998498
0 0.948417 0.928644 0.0611141 0.142712
24 0.397007 0.893393 0.0285715 0.0933773
24 0.619524 0.884366 0.0215797 0.0587358
6 0.436917 0.639929 0.836326 0.70898
0 0.905272 0.586163 0.0264553 0.124013
26 0.620147 0.885213 0.0199379 0.0575714
0 0.13978 0.618308 0.033627 0.0695582
