0 0.911941 0.860411 0.0474987 0.220005
0 0.711239 0.751446 0.0441885 0.182806
0 0.583895 0.86473 0.032185 0.207845
0 0.6265 0.897212 0.0403444 0.193494
0 0.535768 0.892144 0.0432022 0.210786
6 0.394509 0.643284 0.757004 0.700294
0 0.840766 0.80156 0.0389757 0.188818
0 0.291074 0.915414 0.0384554 0.169171
26 0.965412 0.898271 0.0303734 0.0777888
0 0.982828 0.907062 0.0337795 0.185876
0 0.897647 0.714848 0.0414034 0.183481
0 0.22749 0.574448 0.0227469 0.04645
0 0.856391 0.623411 0.0260942 0.113456
0 0.982144 0.783708 0.0306522 0.138952
0 0.132037 0.616304 0.0274412 0.06467
0 0.836913 0.692754 0.0383608 0.103741
0 0.897802 0.67234 0.0413481 0.0924722
0 0.105568 0.60583 0.0241195 0.100871
0 0.0301163 0.672448 0.0286809 0.0598544
