0 0.877771 0.857677 0.0434891 0.191066
0 0.46044 0.8801 0.0406027 0.202694
0 0.881509 0.69033 0.0355091 0.170395
6 0.403295 0.64967 0.797701 0.69663
0 0.840564 0.704639 0.0256687 0.143972
0 0.760157 0.899694 0.0405638 0.200612
0 0.673832 0.779419 0.0450556 0.179221
0 0.544777 0.931274 0.0363739 0.136961
0 0.622858 0.754626 0.0310045 0.153789
0 0.518853 0.904729 0.0454862 0.190543
0 0.216877 0.564599 0.0246571 0.0510076
0 0.811082 0.675989 0.0258656 0.145511
26 0.743067 0.875256 0.0210466 0.0690196
0 0.630236 0.961928 0.0426311 0.0745361
