0 0.69379 0.772128 0.0412252 0.19114
0 0.921312 0.883121 0.0486513 0.213978
0 0.836777 0.833902 0.031867 0.184454
0 0.58884 0.916179 0.0408316 0.167642
0 0.541586 0.814976 0.0408058 0.213852
0 0.854033 0.635951 0.0242741 0.12264
0 0.380367 0.930881 0.0371521 0.137511
0 0.278777 0.910805 0.0494841 0.177323
0 0.754141 0.60942 0.0254675 0.138451
0 0.504638 0.843002 0.0322326 0.195156
0 0.828685 0.71383 0.0321045 0.12405
0 0.229477 0.572358 0.0242026 0.0462623
6 0.423809 0.636973 0.796924 0.708075
0 0.97011 0.918384 0.0588375 0.162195
0 0.488993 0.906037 0.0503531 0.187926
26 0.674411 0.785222 0.0197451 0.0828094
0 0.640091 0.741894 0.0288553 0.137223
0 0.992332 0.689056 0.0145927 0.118088
0 0.935039 0.776028 0.0320835 0.117254
