6 0.412619 0.646066 0.796161 0.707869
0 0.891683 0.726206 0.038361 0.163768
0 0.670129 0.816418 0.0439566 0.193384
24 0.964708 0.746021 0.0224472 0.062872
0 0.59758 0.864769 0.0529399 0.197668
0 0.880739 0.915987 0.0487312 0.168025
0 0.548254 0.93434 0.0308416 0.13132
0 0.977787 0.771451 0.0429541 0.18038
0 0.846017 0.686821 0.0307661 0.145084
0 0.677473 0.648275 0.0264671 0.144796
0 0.371268 0.935932 0.0364663 0.128137
0 0.541514 0.755092 0.0300413 0.145968
0 0.125616 0.604683 0.0346738 0.0708654
0 0.440444 0.927003 0.0303597 0.145995
0 0.49648 0.960637 0.0310031 0.078726
0 0.515336 0.739546 0.0293816 0.158959
0 0.881727 0.935748 0.0438618 0.128505
0 0.621096 0.722956 0.0302098 0.140117
0 0.941564 0.687972 0.0262157 0.134854
0 0.808475 0.977896 0.0432381 0.0442081
0 0.0117737 0.637809 0.0235474 0.105685
