0 0.6681 0.816217 0.041741 0.204225
0 0.830395 0.889491 0.0381157 0.207805
0 0.626976 0.719313 0.0350397 0.176152
0 0.489136 0.780947 0.0398796 0.189306
0 0.964928 0.952672 0.0592052 0.0946551
0 0.819558 0.763235 0.0372568 0.161723
6 0.339104 0.683945 0.673902 0.606939
0 0.941773 0.912595 0.0536314 0.17299
0 0.45419 0.897966 0.0435885 0.202903
0 0.854082 0.657493 0.0286228 0.128183
0 0.586596 0.769217 0.0292116 0.146651
0 0.904552 0.798591 0.0408714 0.197205
0 0.742547 0.634115 0.0267153 0.135416
0 0.210286 0.554554 0.0208452 0.0863834
0 0.954142 0.810054 0.0399281 0.117666
0 0.354212 0.95213 0.0459431 0.0957401
0 0.390599 0.925888 0.0400057 0.148225
0 0.234412 0.57478 0.0195685 0.0438751
0 0.13994 0.616453 0.0316443 0.0640708
26 0.64506 0.84441 0.0208581 0.0728963
0 0.0390759 0.674081 0.0320637 0.061297
24 0.446581 0.867295 0.0269394 0.0740753
