6 0.416274 0.623614 0.809557 0.73407
0 0.60645 0.92239 0.0731861 0.154818
0 0.881437 0.899391 0.0555954 0.201217
0 0.853264 0.716302 0.0430552 0.161273
0 0.714404 0.699839 0.0432655 0.160724
0 0.820085 0.959764 0.0477962 0.0804725
0 0.820929 0.852942 0.0499929 0.178237
0 0.813771 0.861582 0.0372829 0.161851
0 0.898692 0.585854 0.0284609 0.128144
0 0.142057 0.612661 0.031387 0.0902454
0 0.0352457 0.66458 0.0355444 0.0681458
0 0.929275 0.564026 0.0198677 0.0965298
0 0.825486 0.590995 0.0219995 0.119614
0 0.913866 0.75944 0.0653843 0.113578
0 0.236037 0.546583 0.0224353 0.0803718
