6 0.413703 0.638398 0.820723 0.717421
0 0.912103 0.837494 0.0500128 0.220635
0 0.632368 0.886145 0.0419642 0.188928
0 0.712731 0.743709 0.0440448 0.192062
0 0.837948 0.800623 0.0349636 0.183005
0 0.983823 0.90095 0.0318611 0.198101
0 0.591517 0.873632 0.0358631 0.211931
26 0.967513 0.890499 0.0269703 0.0837691
0 0.896595 0.711965 0.0416115 0.195401
0 0.296267 0.915566 0.0365259 0.161456
0 0.226695 0.575669 0.0214434 0.0502777
0 0.85688 0.621107 0.0233706 0.108664
0 0.0992216 0.610297 0.0242463 0.098229
0 0.891414 0.573188 0.0194614 0.102609
0 0.837353 0.685139 0.0354288 0.0942164
