0 0.631881 0.8259 0.0419926 0.198994
0 0.892417 0.739821 0.0379471 0.182629
6 0.394944 0.645494 0.756118 0.68467
24 0.967384 0.767066 0.0221249 0.0612176
0 0.874735 0.925974 0.0507317 0.141462
0 0.564596 0.832824 0.032612 0.194324
0 0.527256 0.777313 0.0309753 0.17871
0 0.981242 0.791503 0.0359272 0.185925
0 0.770074 0.947776 0.0794035 0.104448
0 0.841106 0.699223 0.0293133 0.148728
0 0.713717 0.722066 0.0374966 0.158644
0 0.551376 0.935551 0.0459966 0.128897
0 0.126545 0.596722 0.0350601 0.068183
0 0.0534609 0.613776 0.0280592 0.0948146
0 0.402649 0.927762 0.0342039 0.144139
0 0.0264663 0.628357 0.0298956 0.104394
0 0.6128 0.744631 0.033396 0.158016
0 0.668328 0.667308 0.0238054 0.149744
