0 0.446032 0.900552 0.0423677 0.198897
6 0.399301 0.645832 0.792967 0.688724
0 0.881849 0.704359 0.0361473 0.175043
0 0.87914 0.878095 0.0485424 0.206548
0 0.718601 0.907568 0.0570671 0.184863
0 0.831485 0.719481 0.0262106 0.149935
0 0.585692 0.736935 0.03255 0.146656
0 0.964827 0.731862 0.0303764 0.169192
0 0.618302 0.753763 0.0328545 0.146989
0 0.498141 0.911049 0.0485069 0.177902
0 0.806456 0.688504 0.0279182 0.151981
0 0.321 0.928359 0.0446016 0.143281
0 0.925048 0.655466 0.0255699 0.116143
0 0.54553 0.929785 0.0379068 0.137902
0 0.218179 0.567642 0.0234656 0.0495685
0 0.650305 0.783365 0.054314 0.181852
0 0.0181789 0.656116 0.0319304 0.0580019
26 0.670458 0.764541 0.0203817 0.0557743
0 0.566617 0.714657 0.0286842 0.165976
0 0.509137 0.912575 0.0299635 0.17485
