0 0.911512 0.860262 0.0496145 0.217751
0 0.705664 0.753897 0.0419711 0.181305
0 0.61694 0.904751 0.0377701 0.190498
0 0.895296 0.715093 0.0432587 0.18805
0 0.519807 0.883486 0.0431553 0.22978
0 0.570075 0.848935 0.0432034 0.216334
0 0.837888 0.809077 0.0378241 0.187925
6 0.404851 0.648519 0.798578 0.697984
0 0.43445 0.928899 0.0357769 0.141673
0 0.985055 0.909683 0.0293327 0.180634
0 0.983954 0.791318 0.0309448 0.137311
26 0.962892 0.905544 0.0304771 0.0959377
0 0.228483 0.574056 0.0239883 0.0451572
0 0.727995 0.579171 0.0248312 0.13937
26 0.962983 0.921864 0.0291437 0.0631691
0 0.291694 0.922381 0.0267743 0.153323
0 0.834781 0.707798 0.0338314 0.128672
0 0.449075 0.964626 0.0284524 0.0707487
0 0.855972 0.630509 0.0253426 0.1279
0 0.109841 0.598681 0.025028 0.100559
0 0.89404 0.578822 0.0214577 0.102337
0 0.987141 0.666168 0.0248081 0.137562
