0 0.89817 0.782329 0.0427057 0.186865
6 0.340656 0.684131 0.681312 0.613647
6 0.435426 0.637753 0.865286 0.708072
0 0.524151 0.946957 0.0499695 0.106087
0 0.5728 0.877094 0.0401246 0.209152
0 0.723665 0.682773 0.0326937 0.154552
26 0.973568 0.813185 0.0269466 0.0669267
0 0.598622 0.805569 0.0330687 0.175937
0 0.680667 0.910362 0.0432744 0.179276
0 0.981196 0.83524 0.0370428 0.217724
0 0.878587 0.963978 0.0437965 0.0720442
0 0.535289 0.790591 0.0309822 0.198167
0 0.0986549 0.601578 0.025842 0.0994976
0 0.51089 0.762896 0.0276351 0.15037
0 0.83942 0.736979 0.0322186 0.161025
0 0.655435 0.748038 0.0368925 0.16566
0 0.36205 0.951952 0.040544 0.090858
0 0.280132 0.909169 0.0350812 0.181661
24 0.975461 0.808768 0.027784 0.0817379
0 0.223897 0.564828 0.0223659 0.0498032
24 0.668527 0.890965 0.0197861 0.0789237
0 0.890694 0.663023 0.0384985 0.161934
0 0.0638633 0.614887 0.0288882 0.105742
0 0.0386793 0.598335 0.0288781 0.129016
0 0.643048 0.708985 0.0264679 0.154423
0 0.964051 0.725319 0.0331692 0.184046
0 0.471714 0.765777 0.0293726 0.162693
