0 0.621903 0.896727 0.0467929 0.206547
0 0.725804 0.674 0.0312944 0.146839
0 0.886013 0.86549 0.046307 0.229401
6 0.441974 0.621419 0.829924 0.738505
0 0.857186 0.688369 0.0374067 0.147527
0 0.815732 0.816992 0.0477257 0.178473
0 0.531218 0.756255 0.0513839 0.174511
0 0.20897 0.557494 0.0197095 0.079933
0 0.235816 0.565075 0.0241831 0.0513112
0 0.972145 0.892408 0.0552055 0.138188
0 0.817029 0.933115 0.0451684 0.133771
0 0.487887 0.742027 0.0303172 0.14785
0 0.903181 0.595074 0.024375 0.111366
