0 0.883045 0.895701 0.0474226 0.206239
0 0.676412 0.900008 0.067877 0.199983
0 0.885452 0.707323 0.0358114 0.163724
0 0.414461 0.916705 0.0408049 0.166591
0 0.290826 0.927363 0.0443563 0.145274
6 0.403493 0.647293 0.803891 0.697481
0 0.970003 0.740843 0.0355844 0.169525
0 0.568174 0.742641 0.0365402 0.138208
0 0.932191 0.662105 0.0293179 0.11508
0 0.545908 0.929932 0.0351129 0.140136
0 0.480418 0.919937 0.0474319 0.160126
0 0.626401 0.788191 0.0351884 0.179742
0 0.817373 0.731284 0.0269764 0.154262
0 0.218496 0.568176 0.0236228 0.048317
0 0.796208 0.699668 0.0254683 0.14415
0 0.717265 0.785281 0.0351633 0.179601
