0 0.666405 0.827083 0.0531753 0.212338
0 0.623863 0.72435 0.030953 0.171179
0 0.831528 0.893423 0.0405682 0.210871
0 0.483412 0.77964 0.0389997 0.186792
6 0.339797 0.685861 0.673761 0.602816
0 0.819738 0.770806 0.0389639 0.169204
0 0.447502 0.901893 0.0457172 0.196214
0 0.903816 0.79835 0.0418911 0.189424
0 0.945388 0.914508 0.0564259 0.170985
0 0.351868 0.954036 0.0563008 0.0919282
0 0.963952 0.955137 0.0561459 0.0897257
0 0.853273 0.659662 0.0289841 0.128595
0 0.577142 0.777758 0.0368221 0.142707
0 0.74273 0.635584 0.0275205 0.132726
0 0.213918 0.555217 0.0204082 0.0869649
0 0.951489 0.811395 0.0478792 0.1162
0 0.234355 0.575803 0.0198879 0.0471883
0 0.03885 0.674322 0.0314176 0.0598506
0 0.512323 0.768476 0.0307335 0.131055
0 0.140147 0.61716 0.0319675 0.067295
26 0.812591 0.866232 0.0177542 0.065822
0 0.378363 0.921643 0.0303478 0.14519
0 0.666061 0.822719 0.0433619 0.18027
