0 0.632859 0.885581 0.0651653 0.226939
0 0.887734 0.850269 0.044212 0.22105
0 0.723705 0.663425 0.0349106 0.146909
0 0.556944 0.748135 0.0310661 0.179758
0 0.965983 0.941969 0.0664398 0.116063
0 0.816832 0.79946 0.0464823 0.168839
0 0.856216 0.682197 0.0348537 0.149389
0 0.243162 0.530783 0.0205528 0.104528
6 0.380571 0.656882 0.6463 0.669022
0 0.198011 0.563816 0.0214355 0.0879126
26 0.607713 0.906988 0.0250738 0.105527
0 0.901728 0.59003 0.0232998 0.115533
26 0.608158 0.923998 0.024754 0.0755273
0 0.0356867 0.671677 0.0348018 0.062792
0 0.821197 0.918912 0.0474775 0.162177
0 0.900499 0.727471 0.052895 0.109499
24 0.546411 0.714338 0.0168398 0.041863
