0 0.907005 0.835483 0.0436455 0.22136
6 0.435964 0.634249 0.870259 0.723371
0 0.649625 0.873719 0.0337582 0.192343
0 0.893905 0.706895 0.0386719 0.195334
0 0.712094 0.730158 0.0330065 0.172515
0 0.563604 0.870422 0.0515052 0.196722
26 0.970577 0.872422 0.0296875 0.0768092
0 0.984822 0.892098 0.0298115 0.214802
0 0.60488 0.888818 0.04189 0.222329
0 0.837798 0.781371 0.0354359 0.179156
0 0.226577 0.575332 0.0210385 0.0477568
0 0.976459 0.768743 0.0333704 0.151512
0 0.490832 0.962786 0.0355638 0.0744271
0 0.930818 0.750128 0.0321318 0.125874
0 0.0933149 0.611247 0.0240168 0.0995095
0 0.989336 0.882655 0.0204414 0.234691
0 0.468579 0.777543 0.0321144 0.184772
0 0.619197 0.713867 0.0328562 0.138802
