0 0.886513 0.708813 0.0363895 0.17139
0 0.883439 0.90236 0.0445152 0.19528
0 0.689143 0.796828 0.0460779 0.175348
0 0.63554 0.889362 0.0526974 0.206844
0 0.97326 0.754646 0.0378845 0.177941
0 0.547211 0.929676 0.035383 0.140648
0 0.395924 0.930642 0.044472 0.138716
6 0.407633 0.651696 0.791044 0.696461
0 0.554641 0.755264 0.0357023 0.150098
0 0.601351 0.787685 0.03395 0.190552
0 0.686628 0.648471 0.0304033 0.150456
0 0.530439 0.739315 0.0370242 0.161
0 0.935216 0.67101 0.0266045 0.127874
0 0.848588 0.670499 0.0304441 0.16269
0 0.472736 0.931431 0.0334576 0.137138
0 0.517564 0.961639 0.0339674 0.0767222
0 0.789591 0.721874 0.040014 0.186272
0 0.269532 0.91298 0.0557873 0.171836
