0 0.630072 0.827393 0.0431927 0.196294
0 0.892387 0.743983 0.0382317 0.181731
6 0.408185 0.642865 0.798222 0.685411
0 0.768953 0.946853 0.0811724 0.106293
0 0.56414 0.834224 0.0322075 0.203741
0 0.875346 0.928362 0.0523939 0.139924
0 0.981085 0.793306 0.0362679 0.188276
24 0.967625 0.768054 0.0226898 0.0614209
0 0.551938 0.936651 0.0474727 0.126697
0 0.0557563 0.612094 0.0300324 0.094878
0 0.52613 0.778031 0.0306659 0.178692
0 0.712849 0.721834 0.0391493 0.155059
0 0.320395 0.927402 0.0451186 0.145196
0 0.840186 0.700364 0.0295691 0.150007
0 0.126563 0.597049 0.0348607 0.0680925
0 0.667951 0.668628 0.0246172 0.15273
0 0.0289685 0.627657 0.0291501 0.103615
0 0.399337 0.927818 0.0325931 0.144364
0 0.0209902 0.608188 0.040946 0.145683
0 0.612852 0.743747 0.0324577 0.157855
