6 0.410857 0.64409 0.798725 0.711821
0 0.674832 0.811095 0.0414661 0.187328
0 0.891808 0.725705 0.0381741 0.164114
0 0.879191 0.914605 0.0508636 0.170791
0 0.548095 0.931853 0.0315987 0.136295
0 0.60313 0.865064 0.0500897 0.19809
0 0.975922 0.771553 0.0465092 0.178677
0 0.845674 0.682547 0.033292 0.157211
0 0.678331 0.652377 0.028327 0.153737
0 0.775929 0.750841 0.030422 0.149348
0 0.125613 0.603798 0.036132 0.068328
0 0.375956 0.935809 0.0357357 0.128381
0 0.543063 0.758608 0.0325994 0.153254
24 0.964931 0.745261 0.0216309 0.0579057
0 0.518575 0.737843 0.0292589 0.168085
0 0.572544 0.790565 0.0400179 0.174004
0 0.881964 0.93226 0.0431679 0.135481
0 0.940919 0.683507 0.0272612 0.129249
0 0.444828 0.926053 0.0329263 0.146695
0 0.809718 0.983588 0.03557 0.0328234
