0 0.884892 0.900935 0.0430553 0.196776
0 0.707545 0.78838 0.0397148 0.174067
0 0.403613 0.922462 0.0488004 0.155076
0 0.886571 0.707734 0.0356976 0.161805
0 0.656009 0.894036 0.0407785 0.207543
0 0.972933 0.753736 0.0355694 0.177774
0 0.561619 0.75196 0.0329378 0.151306
0 0.546481 0.929444 0.0351504 0.139185
6 0.408366 0.649611 0.783117 0.700778
0 0.802256 0.741672 0.0378656 0.142281
0 0.608738 0.790795 0.0461836 0.182685
0 0.278325 0.922692 0.0417504 0.154617
0 0.689036 0.643131 0.0261621 0.141096
0 0.788609 0.707452 0.025481 0.153727
0 0.537142 0.733112 0.0250093 0.152947
0 0.848559 0.678379 0.0299305 0.155937
0 0.934122 0.67018 0.0280674 0.123903
0 0.219115 0.569675 0.0230072 0.0425369
