0 0.642748 0.85898 0.045849 0.219739
0 0.896995 0.824208 0.0439293 0.204243
0 0.856969 0.669274 0.0306826 0.140032
0 0.81796 0.903789 0.0449025 0.192423
0 0.592424 0.736885 0.0436375 0.178233
0 0.732865 0.646084 0.0314072 0.132169
0 0.816335 0.778725 0.0371952 0.165024
0 0.312948 0.933796 0.049986 0.132408
0 0.647187 0.610275 0.0318789 0.148286
6 0.355407 0.668057 0.710814 0.644462
24 0.393696 0.899432 0.0285027 0.0838643
0 0.485367 0.737462 0.0275015 0.174616
0 0.53542 0.785376 0.0474657 0.136101
0 0.966311 0.843087 0.0388536 0.123766
0 0.0398179 0.674358 0.0326812 0.0619615
0 0.949347 0.928276 0.0604437 0.14206
0 0.405255 0.911664 0.0477722 0.176672
0 0.877587 0.554591 0.0201706 0.103889
6 0.462064 0.63977 0.837124 0.713402
28 0.619266 0.886219 0.0190857 0.0592295
26 0.61925 0.885107 0.0207796 0.0606198
0 0.9062 0.581497 0.0275902 0.132291
