6 0.430156 0.631676 0.785001 0.717268
0 0.607523 0.912514 0.0650442 0.17399
0 0.879916 0.891553 0.0547932 0.216895
0 0.855727 0.704028 0.0369959 0.160695
0 0.820817 0.839759 0.0540522 0.175197
0 0.720136 0.696155 0.0361887 0.162768
0 0.817216 0.949783 0.0555581 0.100435
0 0.141178 0.607212 0.0314271 0.0750951
0 0.905944 0.753326 0.0607773 0.121686
0 0.263697 0.512044 0.0206451 0.101845
0 0.296886 0.96494 0.0275981 0.0701209
0 0.480468 0.732159 0.0426586 0.194584
0 0.899758 0.593183 0.0295509 0.115844
0 0.0317159 0.66808 0.0358846 0.0642626
0 0.820266 0.587378 0.0231853 0.120136
