0 0.915336 0.867546 0.0476702 0.216406
0 0.602655 0.911548 0.0392233 0.176905
0 0.403934 0.927526 0.0379116 0.144948
0 0.696743 0.769008 0.0353922 0.186099
0 0.835924 0.823907 0.0332314 0.182482
0 0.55244 0.843307 0.0441883 0.22429
0 0.897808 0.730058 0.0416162 0.21381
26 0.956605 0.927187 0.0283661 0.0734111
6 0.341089 0.679573 0.681044 0.618407
0 0.975645 0.917422 0.0481209 0.165157
26 0.958047 0.91729 0.0319736 0.0900163
0 0.934627 0.768854 0.0336361 0.113979
0 0.854778 0.638345 0.0241138 0.118058
0 0.755869 0.606846 0.030299 0.132174
0 0.0314265 0.671401 0.0280072 0.0591792
0 0.986481 0.798698 0.0261604 0.140253
0 0.717062 0.581222 0.0288617 0.128382
0 0.229612 0.573254 0.0237188 0.044791
0 0.508046 0.907094 0.0514383 0.185812
26 0.676711 0.786267 0.0205988 0.0665022
