0 0.547702 0.930987 0.036218 0.138027
0 0.682688 0.80003 0.0401613 0.180702
0 0.620735 0.870439 0.0377462 0.208397
0 0.546728 0.755431 0.0338784 0.152836
0 0.878262 0.910076 0.0494419 0.179848
0 0.974452 0.769694 0.0429131 0.182624
0 0.891001 0.722934 0.0385132 0.156241
6 0.406871 0.650119 0.797042 0.697152
0 0.781909 0.751128 0.0401899 0.147585
0 0.680458 0.652218 0.0292112 0.138804
0 0.380752 0.936108 0.0334147 0.126209
0 0.524503 0.73147 0.02814 0.169905
0 0.453808 0.927971 0.0321822 0.144058
0 0.12592 0.601877 0.0371742 0.0706908
0 0.582967 0.788153 0.0535232 0.189027
0 0.508508 0.961764 0.0305808 0.0764729
0 0.84705 0.679606 0.0310692 0.161221
0 0.588091 0.793224 0.0358883 0.171927
0 0.878775 0.92906 0.0403996 0.14188
0 0.938304 0.682787 0.0278908 0.135577
0 0.221408 0.56401 0.0249489 0.0508092
