6 0.409473 0.646895 0.793834 0.698558
0 0.884048 0.893379 0.0469534 0.212542
0 0.969045 0.73977 0.0387447 0.170298
0 0.884997 0.700261 0.0345623 0.155962
0 0.42521 0.912252 0.0394043 0.175495
0 0.692139 0.899812 0.0488407 0.200377
0 0.576376 0.741353 0.0338938 0.135591
0 0.303211 0.922906 0.0473263 0.152903
0 0.546833 0.929018 0.0347488 0.138615
0 0.613006 0.752445 0.0263569 0.142938
0 0.48646 0.91392 0.047019 0.172161
0 0.823663 0.733525 0.0269735 0.153609
0 0.217741 0.567485 0.0236994 0.0478417
0 0.801728 0.695496 0.0279969 0.148777
0 0.638415 0.784148 0.0367834 0.183903
0 0.494874 0.914472 0.0295923 0.171055
0 0.92948 0.664749 0.0270348 0.122546
0 0.694229 0.639027 0.023056 0.133648
