0 0.647614 0.821923 0.0437271 0.183016
0 0.890241 0.734217 0.0358908 0.169796
0 0.877229 0.923756 0.0507334 0.152489
0 0.581116 0.846177 0.0345068 0.192793
0 0.0307257 0.632344 0.0362656 0.0964053
6 0.409479 0.644714 0.801554 0.689168
24 0.967375 0.760008 0.0213177 0.0664378
0 0.126338 0.601067 0.0340779 0.0725693
0 0.672658 0.660734 0.0298811 0.146559
0 0.550379 0.931595 0.0298918 0.13681
0 0.343148 0.928348 0.0433237 0.143304
0 0.615576 0.735143 0.0295225 0.144265
0 0.978312 0.784922 0.0410862 0.185944
0 0.7986 0.963105 0.0472221 0.0737898
0 0.786045 0.963414 0.070639 0.0731717
0 0.469549 0.956512 0.0323646 0.0834898
0 0.0105662 0.61382 0.0211325 0.15134
0 0.847283 0.694701 0.029287 0.152674
0 0.42054 0.926152 0.0291693 0.146381
0 0.971746 0.794745 0.0308039 0.169869
0 0.733848 0.696218 0.0347576 0.128045
0 0.733326 0.669919 0.0370087 0.183194
0 0.50509 0.742018 0.0293911 0.157947
