6 0.408759 0.64798 0.794562 0.695469
0 0.883897 0.892402 0.04762 0.212779
0 0.966859 0.739458 0.0372509 0.172629
0 0.577204 0.738271 0.034569 0.137349
0 0.884972 0.700134 0.0347586 0.156494
0 0.303017 0.928596 0.0503492 0.141773
0 0.547105 0.929281 0.0354666 0.139363
0 0.428372 0.911544 0.038276 0.176912
0 0.695885 0.899156 0.0470762 0.201423
0 0.824536 0.73287 0.0282816 0.160354
0 0.488173 0.91378 0.045645 0.17244
0 0.613629 0.752202 0.0259596 0.142305
0 0.636123 0.79079 0.0325296 0.168257
0 0.694755 0.640261 0.0229048 0.133635
0 0.801698 0.692636 0.0280279 0.143123
0 0.217558 0.567893 0.024527 0.0489382
0 0.929172 0.664566 0.0267809 0.121095
