0 0.92431 0.890859 0.0515209 0.213675
0 0.694087 0.782057 0.0540165 0.200377
6 0.488227 0.635611 0.903013 0.706764
0 0.533126 0.812024 0.0404331 0.204456
0 0.838211 0.845927 0.0343014 0.19983
0 0.636237 0.748149 0.0263267 0.132799
0 0.854202 0.634332 0.0239731 0.123989
0 0.375811 0.929599 0.0577682 0.140802
0 0.827422 0.726899 0.0325947 0.138933
0 0.279728 0.907981 0.0467309 0.180455
0 0.979203 0.927936 0.0406422 0.142952
0 0.753446 0.607702 0.025071 0.132698
26 0.953833 0.941687 0.0299419 0.0976227
0 0.23065 0.571835 0.0247456 0.0446443
0 0.892481 0.735649 0.0258617 0.155059
0 0.416931 0.957991 0.046902 0.0840186
6 0.342236 0.673745 0.67878 0.624969
0 0.895184 0.574614 0.0213087 0.108916
0 0.913622 0.736812 0.029842 0.139364
0 0.903001 0.729453 0.046529 0.177856
