24 0.967176 0.766479 0.0224792 0.0629966
0 0.891816 0.736701 0.0378262 0.177612
0 0.633763 0.825808 0.0450451 0.197566
6 0.394021 0.645006 0.755793 0.688769
0 0.87527 0.92497 0.0515537 0.141972
0 0.773687 0.948441 0.0781691 0.103117
0 0.613042 0.744187 0.0328075 0.158848
0 0.530049 0.775968 0.0337886 0.18171
0 0.981856 0.791061 0.0346809 0.187273
0 0.842941 0.700692 0.0312916 0.152423
0 0.566201 0.836528 0.0323675 0.204544
0 0.552532 0.933025 0.0401994 0.133949
0 0.126732 0.596887 0.0352127 0.0672867
0 0.403182 0.926485 0.033098 0.14703
0 0.0516541 0.619015 0.0289613 0.092562
0 0.0261713 0.628156 0.02783 0.107927
0 0.716294 0.720283 0.0354385 0.161953
0 0.668375 0.664769 0.0234874 0.15381
0 0.329054 0.928211 0.0460347 0.143577
0 0.222461 0.563077 0.0202085 0.0502979
