0 0.634734 0.824032 0.0489887 0.195994
24 0.967215 0.766468 0.0223507 0.0619778
0 0.890862 0.734911 0.0373928 0.173837
0 0.775764 0.948905 0.076412 0.10219
6 0.406663 0.642131 0.795404 0.687684
0 0.875129 0.92597 0.0515251 0.144366
0 0.841293 0.698572 0.0327244 0.149
0 0.977969 0.789617 0.0431194 0.194016
0 0.531017 0.776154 0.0358202 0.186351
0 0.61272 0.743024 0.0324993 0.159385
0 0.551062 0.9311 0.0371111 0.1378
0 0.0503737 0.621666 0.031824 0.0913908
0 0.126992 0.597553 0.0350442 0.0677238
0 0.668476 0.663853 0.0245377 0.153071
0 0.567891 0.839367 0.0322889 0.197054
0 0.724561 0.681426 0.0417829 0.217663
0 0.222314 0.562812 0.0208968 0.0492594
0 0.025089 0.628881 0.0264794 0.108764
0 0.405378 0.926126 0.0315188 0.145658
