0 0.686181 0.797448 0.0443663 0.182873
0 0.973248 0.761156 0.040057 0.176433
0 0.889095 0.718296 0.0328764 0.164047
0 0.88221 0.904943 0.0440132 0.190114
0 0.631966 0.882519 0.0553888 0.209926
0 0.547207 0.929908 0.0378292 0.140185
0 0.553648 0.754212 0.0331301 0.149308
0 0.390855 0.932529 0.0435852 0.134822
6 0.408507 0.649824 0.798135 0.700351
0 0.589876 0.782225 0.0499456 0.202884
0 0.530012 0.731395 0.030776 0.164293
0 0.684527 0.653281 0.0291242 0.149214
0 0.594945 0.78929 0.0380684 0.183295
0 0.93687 0.675131 0.0271637 0.13089
0 0.463743 0.932898 0.0327139 0.131945
0 0.512553 0.960363 0.0325915 0.0792748
0 0.847817 0.678079 0.0279734 0.161492
0 0.264727 0.910046 0.0543748 0.177462
0 0.740908 0.6328 0.0269677 0.139266
