0 0.828873 0.882542 0.0411543 0.201955
0 0.667716 0.816025 0.0411306 0.208175
0 0.938541 0.912061 0.0550482 0.175877
6 0.339999 0.680923 0.676883 0.614442
0 0.491414 0.77878 0.0402288 0.199465
0 0.904463 0.799377 0.0403709 0.195453
0 0.630222 0.715734 0.0303548 0.166156
0 0.821225 0.756341 0.0369942 0.156645
0 0.358037 0.952161 0.0475654 0.0952985
0 0.966474 0.94919 0.0622297 0.101619
0 0.208431 0.556303 0.0212399 0.0923177
0 0.854289 0.657515 0.0280756 0.128316
26 0.646391 0.841982 0.0197775 0.0665256
0 0.592439 0.768217 0.0267385 0.155111
0 0.456717 0.896146 0.0427616 0.199427
0 0.234492 0.574813 0.0191225 0.0473441
0 0.515891 0.959307 0.0441253 0.081386
0 0.952505 0.809693 0.0368542 0.119226
0 0.0391169 0.674453 0.0330308 0.0599601
0 0.744909 0.631891 0.0288712 0.140868
0 0.397912 0.925366 0.0396464 0.145058
0 0.680909 0.591723 0.0224478 0.146555
0 0.139855 0.616459 0.0317492 0.0641768
0 0.571452 0.726574 0.0338107 0.160721
