0 0.63394 0.880117 0.0536794 0.231638
0 0.889866 0.832312 0.0438335 0.212043
0 0.818316 0.792812 0.045929 0.168049
0 0.727371 0.656387 0.0305723 0.139585
0 0.280805 0.921216 0.0505683 0.157483
0 0.56763 0.75859 0.0425617 0.164468
0 0.626548 0.63241 0.0238903 0.119723
0 0.857207 0.677101 0.0314217 0.141624
0 0.96333 0.938979 0.0589474 0.122042
6 0.342475 0.672059 0.683943 0.636905
0 0.903072 0.590498 0.0234812 0.11085
0 0.0354781 0.67339 0.0317292 0.0618533
26 0.610671 0.913109 0.0218063 0.0772676
0 0.193271 0.566331 0.022693 0.0832918
0 0.822844 0.915474 0.0438961 0.157477
0 0.238434 0.530316 0.0208387 0.102237
0 0.959868 0.580621 0.0271265 0.12396
0 0.140101 0.616447 0.0327645 0.0675846
0 0.50923 0.782216 0.0265345 0.136686
