0 0.926493 0.895757 0.0504601 0.208486
0 0.692471 0.791164 0.0529858 0.201716
0 0.403849 0.954855 0.0461836 0.09029
0 0.837979 0.848561 0.035062 0.198318
0 0.489505 0.870887 0.0481801 0.192984
0 0.853826 0.640267 0.0251665 0.127209
0 0.826713 0.735491 0.0371916 0.147444
6 0.343819 0.680689 0.677287 0.614551
0 0.701071 0.592806 0.0261053 0.124502
0 0.62396 0.752119 0.0295717 0.134741
0 0.520944 0.808255 0.0473818 0.200371
0 0.45222 0.911331 0.0288524 0.177337
0 0.751231 0.617875 0.0255175 0.127837
0 0.979998 0.931446 0.0390457 0.137108
0 0.338965 0.934263 0.0338777 0.131475
6 0.435208 0.649329 0.765871 0.701342
0 0.186529 0.566145 0.023504 0.0956063
26 0.952072 0.946881 0.0328785 0.102126
0 0.231469 0.572859 0.0236114 0.0454549
26 0.667451 0.814869 0.0202901 0.0559618
0 0.557756 0.921266 0.0322002 0.157468
0 0.912134 0.759036 0.0294975 0.146053
0 0.136059 0.615196 0.0292071 0.0814583
