6 0.41313 0.644122 0.826261 0.700492
0 0.581674 0.846773 0.0388 0.206403
0 0.902349 0.8137 0.0440277 0.199414
0 0.627293 0.895414 0.0453823 0.209171
0 0.892752 0.687587 0.0410763 0.173634
0 0.657903 0.846325 0.0343734 0.179606
0 0.842053 0.768367 0.0349415 0.17549
0 0.504581 0.960611 0.0414988 0.0787781
0 0.980889 0.891099 0.0376299 0.213502
0 0.719104 0.711989 0.0381325 0.167734
26 0.974609 0.859363 0.0277256 0.0730004
0 0.226877 0.574853 0.0213202 0.0457872
0 0.0837546 0.615501 0.0277097 0.0995869
0 0.05517 0.60285 0.0317795 0.124537
0 0.526043 0.907675 0.0392742 0.184649
0 0.120584 0.598506 0.0236132 0.103284
0 0.971785 0.755514 0.0371342 0.150544
24 0.976377 0.85684 0.0295197 0.0885562
0 0.928105 0.741745 0.0351603 0.13391
