0 0.90222 0.789425 0.0450035 0.189294
6 0.407094 0.640123 0.806023 0.69123
0 0.5212 0.953212 0.0529054 0.0931132
0 0.66358 0.902862 0.0419058 0.194275
0 0.563445 0.893158 0.0416727 0.205533
0 0.593852 0.81654 0.0358925 0.174915
0 0.841295 0.743719 0.0343552 0.167755
0 0.721475 0.688708 0.0375105 0.164376
24 0.975765 0.829585 0.0267853 0.0750737
26 0.975352 0.831744 0.0253105 0.0681217
0 0.532151 0.790423 0.0307755 0.197246
0 0.648295 0.748651 0.0323624 0.167317
0 0.504494 0.76621 0.0365305 0.159261
0 0.1048 0.600814 0.0270099 0.0917894
0 0.679476 0.783475 0.0295197 0.103781
0 0.645129 0.728058 0.0349752 0.19998
0 0.46168 0.774727 0.028465 0.1753
0 0.0427829 0.602931 0.0310536 0.130976
0 0.927124 0.716629 0.0277823 0.108405
0 0.226388 0.571161 0.0222864 0.044861
24 0.653203 0.881471 0.0175602 0.0686134
0 0.990182 0.862337 0.0190458 0.226814
0 0.0700498 0.613816 0.0280359 0.10977
0 0.971641 0.735544 0.0332272 0.147782
0 0.578083 0.762205 0.0285755 0.166151
0 0.346955 0.952757 0.04074 0.0872867
