0 0.66274 0.894954 0.0422354 0.207739
0 0.884401 0.899359 0.0445696 0.201282
6 0.401212 0.649442 0.792247 0.701117
0 0.711763 0.789259 0.0371488 0.176885
0 0.885833 0.708061 0.0351072 0.161853
0 0.405589 0.918896 0.0420755 0.162207
0 0.545381 0.929218 0.0373981 0.139902
0 0.971514 0.749876 0.0360725 0.176869
0 0.563713 0.745377 0.0313123 0.139795
0 0.281947 0.928436 0.0435359 0.142688
0 0.540499 0.72176 0.0238644 0.164895
0 0.973552 0.733177 0.0304867 0.135917
0 0.689571 0.642588 0.0241412 0.142106
0 0.933643 0.669506 0.0274006 0.123586
0 0.810354 0.739184 0.028978 0.138256
0 0.219011 0.570815 0.022487 0.0406251
0 0.611397 0.784417 0.0467323 0.200083
