0 0.628588 0.827438 0.0446217 0.196951
0 0.894175 0.746434 0.0386944 0.182655
0 0.76677 0.945897 0.0800341 0.108206
0 0.875004 0.929215 0.0530291 0.138604
0 0.561352 0.833088 0.0338062 0.203535
6 0.33807 0.677295 0.67614 0.616884
0 0.552016 0.936763 0.0496811 0.126475
0 0.838704 0.701371 0.0337517 0.153954
0 0.978285 0.797108 0.0423363 0.19102
0 0.708561 0.725221 0.036447 0.151104
0 0.0571688 0.612215 0.0301557 0.0914732
24 0.968126 0.768477 0.0225086 0.0625402
0 0.395728 0.927584 0.0341377 0.143178
0 0.12655 0.597027 0.0346657 0.0673971
0 0.318239 0.926609 0.0470489 0.145936
0 0.523775 0.77612 0.030294 0.175084
6 0.435963 0.63854 0.740297 0.666119
0 0.0215708 0.607886 0.0415613 0.143544
0 0.438365 0.958907 0.0359573 0.0821859
0 0.729697 0.653039 0.0280203 0.151176
0 0.0303265 0.627129 0.0267572 0.0888548
