0 0.911697 0.85616 0.0490017 0.219999
0 0.707581 0.75145 0.0422327 0.185724
0 0.618834 0.903843 0.0373623 0.192314
0 0.572008 0.851666 0.04433 0.21701
0 0.523868 0.88715 0.0397474 0.22124
0 0.895216 0.714178 0.0428341 0.184433
0 0.83826 0.808986 0.0368425 0.182365
0 0.437456 0.928051 0.0315688 0.143437
0 0.626104 0.701013 0.033713 0.155216
0 0.984213 0.904218 0.0310488 0.191564
6 0.401505 0.649361 0.788781 0.695698
0 0.283376 0.920502 0.0443776 0.158996
0 0.729682 0.578331 0.0243608 0.131736
0 0.984024 0.790469 0.0308083 0.139367
26 0.962983 0.904943 0.030769 0.0936703
26 0.682235 0.772732 0.0181671 0.0571445
0 0.228318 0.57413 0.0241005 0.0454433
26 0.962994 0.917177 0.0291401 0.0664486
0 0.856208 0.6279 0.0269077 0.120837
0 0.834664 0.704031 0.0348244 0.12469
0 0.109671 0.601535 0.023476 0.0987145
0 0.986925 0.666861 0.0256447 0.143161
0 0.132844 0.614973 0.0291512 0.0606869
