0 0.902656 0.823186 0.0462757 0.196122
6 0.422347 0.642986 0.838159 0.710042
0 0.653138 0.867105 0.0328941 0.193411
0 0.837071 0.781886 0.0373718 0.177273
0 0.891532 0.691242 0.0398693 0.175189
0 0.980684 0.887906 0.0380871 0.223459
26 0.972088 0.859628 0.0304272 0.0868184
0 0.56842 0.864014 0.051333 0.194901
0 0.713112 0.723027 0.0356616 0.173324
0 0.616981 0.890905 0.0362652 0.208363
0 0.226536 0.574939 0.0211083 0.0464606
0 0.931033 0.748094 0.0327253 0.127294
0 0.975148 0.757653 0.0296127 0.15212
0 0.603198 0.758653 0.0263206 0.122096
0 0.0896258 0.613769 0.0268478 0.0997903
0 0.496931 0.965477 0.0356457 0.0690461
