6 0.414498 0.646626 0.815188 0.699749
0 0.584517 0.849023 0.0440132 0.197731
0 0.62962 0.898913 0.0494778 0.202175
0 0.903477 0.81233 0.0421547 0.196679
0 0.533567 0.907968 0.0393322 0.184063
0 0.891825 0.685656 0.039337 0.172329
24 0.976443 0.850929 0.0286476 0.0827991
0 0.84293 0.766148 0.0365534 0.17462
0 0.227119 0.574381 0.021733 0.0455315
0 0.506456 0.960224 0.0447071 0.0795519
0 0.116757 0.600993 0.0241808 0.102685
0 0.982035 0.879453 0.0353649 0.23338
0 0.72277 0.710402 0.0402836 0.163273
0 0.0794255 0.612647 0.0286555 0.108003
26 0.975872 0.849626 0.0272079 0.0792762
0 0.66153 0.839795 0.0304824 0.179995
0 0.492186 0.774516 0.0285898 0.15759
0 0.965218 0.785944 0.0511169 0.215409
0 0.84316 0.661262 0.0361477 0.0915115
0 0.0529459 0.601157 0.0308905 0.127899
0 0.132874 0.62042 0.0278792 0.0613671
0 0.528149 0.768514 0.0294439 0.1311
