0 0.92628 0.893118 0.0502361 0.213763
0 0.692649 0.791801 0.0579695 0.20266
0 0.837096 0.849167 0.036705 0.204553
0 0.40576 0.954722 0.0454284 0.0898132
0 0.827023 0.734235 0.0353031 0.147449
0 0.853937 0.63891 0.0251186 0.123796
0 0.490491 0.866373 0.0463028 0.196463
6 0.343872 0.682601 0.676621 0.612885
0 0.523539 0.812388 0.0444323 0.197157
0 0.625678 0.749293 0.0304163 0.134845
0 0.751477 0.617885 0.0266655 0.129975
0 0.700613 0.592845 0.0267539 0.121323
0 0.185437 0.565809 0.0238087 0.0927733
26 0.952755 0.94709 0.0330854 0.0999199
0 0.979315 0.931803 0.0404148 0.136394
0 0.231515 0.572944 0.0233263 0.0449653
26 0.668987 0.814512 0.0202307 0.0559994
6 0.440949 0.649274 0.758308 0.701451
0 0.912505 0.751223 0.0307589 0.157826
0 0.277224 0.910516 0.0428654 0.171411
0 0.903644 0.729897 0.0491127 0.189078
