0 0.894939 0.762582 0.0419811 0.190651
6 0.335246 0.681672 0.670491 0.610036
0 0.608518 0.853454 0.0431742 0.207678
0 0.839851 0.717355 0.0369192 0.15971
0 0.88154 0.944095 0.0558662 0.108205
0 0.0789448 0.604293 0.0264453 0.0936669
0 0.725643 0.925736 0.0564926 0.148528
0 0.53962 0.939709 0.0402997 0.120582
0 0.704281 0.77036 0.0409088 0.192188
0 0.544703 0.803002 0.0422638 0.204619
0 0.97971 0.814111 0.0400919 0.192008
0 0.127137 0.59828 0.0332803 0.0680493
0 0.467468 0.732956 0.0301982 0.159489
24 0.971667 0.783194 0.0247538 0.0738637
0 0.222812 0.562143 0.0217013 0.0527222
0 0.289351 0.920918 0.0459804 0.158163
0 0.398604 0.953349 0.0393428 0.0869766
6 0.465662 0.632553 0.687869 0.674214
