0 0.924852 0.890459 0.0512062 0.219082
0 0.695468 0.789463 0.0543406 0.204697
0 0.531025 0.811829 0.0413052 0.201723
0 0.853812 0.635709 0.0248055 0.12421
0 0.414547 0.958759 0.0441244 0.0824825
0 0.497936 0.8559 0.0483986 0.189325
0 0.838948 0.848517 0.0372292 0.204396
6 0.341995 0.674985 0.679531 0.623401
0 0.366725 0.930014 0.0517206 0.139972
0 0.828246 0.729579 0.0346649 0.139269
0 0.705955 0.586071 0.0256915 0.133421
0 0.978906 0.928355 0.0411781 0.143291
0 0.633539 0.750094 0.0240164 0.128161
0 0.75234 0.609443 0.0253426 0.127662
0 0.230606 0.571826 0.0247428 0.0443295
0 0.913056 0.737666 0.0323143 0.143594
26 0.954028 0.943542 0.0312752 0.101033
6 0.438019 0.647608 0.793867 0.704784
0 0.0889528 0.588434 0.0306631 0.103706
0 0.27842 0.909249 0.0431089 0.178383
0 0.904301 0.725554 0.0489109 0.179694
26 0.671947 0.813221 0.0200058 0.0582465
0 0.179193 0.561428 0.0235153 0.0837858
