0 0.91229 0.849527 0.0476088 0.207543
0 0.628422 0.894856 0.0396111 0.189674
0 0.710134 0.749988 0.0426465 0.18598
6 0.413592 0.641366 0.816007 0.710403
0 0.534912 0.889851 0.0536842 0.218687
26 0.966096 0.896492 0.0293581 0.0783298
0 0.839444 0.801653 0.0420589 0.185055
0 0.897766 0.714156 0.0405689 0.190129
0 0.583014 0.868628 0.0431582 0.19588
0 0.984107 0.90091 0.0312117 0.19818
0 0.857073 0.62128 0.0245762 0.113152
0 0.227191 0.57461 0.0223264 0.0468694
0 0.980009 0.788317 0.0305103 0.133977
0 0.837035 0.688364 0.0392475 0.098779
0 0.292004 0.915404 0.037461 0.16854
0 0.13211 0.616706 0.0276931 0.0651427
0 0.930086 0.747953 0.0359592 0.10247
0 0.934514 0.694184 0.0359816 0.0868895
0 0.504897 0.770352 0.0303846 0.169353
0 0.985375 0.658478 0.0276449 0.13521
