0 0.881477 0.702013 0.036124 0.163806
0 0.450458 0.90058 0.0447239 0.197633
0 0.72114 0.90746 0.0585882 0.185081
6 0.398053 0.643132 0.786258 0.687786
0 0.878309 0.875144 0.0477337 0.201787
0 0.83288 0.717459 0.0274509 0.147528
0 0.962962 0.728064 0.0313412 0.164974
0 0.61885 0.756921 0.0293798 0.143222
0 0.649699 0.780922 0.0430677 0.180116
0 0.546212 0.93053 0.03681 0.138767
0 0.924945 0.655727 0.0254402 0.118692
0 0.329309 0.928692 0.0501401 0.142616
0 0.807841 0.683472 0.0293236 0.144733
0 0.589308 0.73688 0.0324692 0.144161
0 0.0180922 0.655716 0.0326353 0.0602999
0 0.217815 0.569655 0.0236153 0.056788
0 0.509921 0.913999 0.0274399 0.172003
0 0.69981 0.633687 0.0281557 0.145435
24 0.674507 0.76155 0.0208893 0.0587221
0 0.500849 0.913048 0.0448364 0.173904
