0 0.973062 0.758891 0.039003 0.175492
0 0.882914 0.904468 0.0430653 0.191065
0 0.887788 0.714428 0.0345886 0.159597
0 0.687082 0.796455 0.0448568 0.179281
0 0.632222 0.88295 0.0565083 0.208558
0 0.391713 0.932527 0.0433029 0.134404
0 0.547234 0.930172 0.0377145 0.139656
6 0.408236 0.649345 0.797233 0.700632
0 0.553848 0.755348 0.0314398 0.142492
0 0.684715 0.650983 0.0281019 0.147691
0 0.530392 0.729493 0.0282631 0.156202
0 0.59449 0.783003 0.0422307 0.197969
0 0.514065 0.960675 0.0322374 0.0786492
0 0.936441 0.67544 0.0267107 0.133607
0 0.265626 0.910691 0.0563924 0.175379
0 0.788446 0.723645 0.0376828 0.183206
0 0.792437 0.735912 0.0290289 0.153618
