0 0.876206 0.868484 0.0464314 0.204601
0 0.880632 0.69127 0.0365475 0.160949
0 0.752801 0.901768 0.0453889 0.192333
0 0.458915 0.885863 0.0420787 0.204924
0 0.837911 0.704523 0.0274284 0.156772
0 0.510999 0.906219 0.0476566 0.187562
0 0.544706 0.930081 0.0357577 0.139838
0 0.665778 0.783752 0.0343695 0.17078
6 0.395802 0.651239 0.78859 0.689939
0 0.810758 0.680025 0.0284855 0.149342
0 0.620037 0.770753 0.0287436 0.118198
0 0.950843 0.769772 0.054129 0.268627
0 0.216573 0.563608 0.0253107 0.048675
0 0.703892 0.627176 0.0231192 0.137599
0 0.343058 0.924003 0.0478876 0.151993
0 0.579454 0.702699 0.0287704 0.163455
0 0.0182182 0.655363 0.0311809 0.055582
0 0.616973 0.963214 0.0477654 0.0735721
