0 0.817854 0.907686 0.0454079 0.184627
0 0.893888 0.832544 0.0454842 0.224564
0 0.730302 0.653093 0.0261879 0.143091
0 0.816398 0.781148 0.0408926 0.157251
6 0.342051 0.67797 0.678588 0.621234
0 0.640268 0.863461 0.0393361 0.219436
0 0.294407 0.935079 0.0437327 0.129732
0 0.952283 0.932362 0.063258 0.134654
0 0.858051 0.676013 0.0296856 0.141935
0 0.385682 0.915406 0.0491645 0.169187
0 0.581035 0.720758 0.033544 0.211617
0 0.639403 0.625577 0.030521 0.118685
0 0.232009 0.524203 0.0207809 0.0711312
0 0.905023 0.592078 0.0242779 0.11487
0 0.965442 0.852863 0.0419537 0.135369
0 0.512316 0.779606 0.0279061 0.146927
0 0.0386111 0.67424 0.0310768 0.0621242
0 0.87923 0.555062 0.0199564 0.0996923
0 0.415269 0.960661 0.0444935 0.078678
0 0.187523 0.574814 0.0221479 0.0831972
5 0.965675 0.405984 0.0682001 0.2174
24 0.615364 0.894357 0.0207071 0.0706804
26 0.615835 0.887347 0.0205957 0.0844618
