6 0.4408 0.627469 0.820148 0.727687
0 0.609571 0.904497 0.0477581 0.191005
0 0.817859 0.821587 0.0493109 0.160522
0 0.723462 0.679345 0.0354282 0.153734
0 0.881804 0.884726 0.0483009 0.230547
0 0.858325 0.698204 0.0319901 0.153167
0 0.141729 0.618418 0.0314633 0.0975292
0 0.903581 0.599353 0.0242685 0.105208
0 0.816579 0.937078 0.0494881 0.125844
0 0.0299627 0.670687 0.0366714 0.0621287
0 0.142083 0.605919 0.0292779 0.071735
0 0.23552 0.564356 0.023818 0.0472538
0 0.817729 0.586532 0.0202904 0.114938
0 0.973754 0.909919 0.051988 0.149435
