0 0.902103 0.817088 0.0463793 0.205161
6 0.435646 0.640201 0.864298 0.712476
0 0.841516 0.773672 0.0342796 0.180582
0 0.576942 0.857263 0.0399548 0.184085
0 0.891642 0.690632 0.0404587 0.178415
0 0.623269 0.894882 0.0411997 0.209945
0 0.714942 0.720627 0.0362082 0.169058
0 0.98009 0.892102 0.0389591 0.21511
0 0.226782 0.575407 0.0206527 0.0458327
0 0.973229 0.76181 0.0317451 0.150158
26 0.973987 0.857917 0.0291824 0.0846915
0 0.501155 0.962388 0.0372827 0.0752236
0 0.0867638 0.615474 0.0271185 0.10118
0 0.0567509 0.603054 0.0335088 0.125998
0 0.294197 0.94781 0.0442117 0.10375
0 0.521152 0.888969 0.0406979 0.220624
0 0.928089 0.749139 0.0323696 0.140856
24 0.974564 0.85669 0.0287243 0.0929387
0 0.653899 0.847182 0.0301335 0.178432
0 0.553778 0.809892 0.0321514 0.155444
