0 0.876736 0.854837 0.042836 0.188914
0 0.76794 0.901216 0.0514904 0.197568
0 0.881929 0.690953 0.0340836 0.178666
6 0.403125 0.648988 0.800817 0.697618
0 0.841401 0.703044 0.0274223 0.148138
0 0.464605 0.87439 0.039406 0.206728
0 0.54472 0.931639 0.0365661 0.136722
0 0.676553 0.776993 0.0425091 0.172436
0 0.216551 0.565039 0.0245094 0.0518453
0 0.519308 0.902258 0.0467737 0.195484
0 0.622049 0.756965 0.0314825 0.148732
0 0.634789 0.960907 0.0401741 0.077203
0 0.950855 0.769293 0.052924 0.271173
0 0.589741 0.70371 0.0366761 0.1601
0 0.120655 0.606991 0.0344089 0.0906184
26 0.748576 0.880469 0.0214563 0.069612
0 0.349596 0.93229 0.045771 0.13542
