0 0.634225 0.869771 0.0459259 0.232958
0 0.817753 0.785752 0.0457325 0.153809
0 0.891065 0.832942 0.0441719 0.219989
0 0.284526 0.917388 0.0590313 0.165224
0 0.727719 0.652288 0.0308451 0.138119
0 0.817413 0.915298 0.0469269 0.169403
0 0.857204 0.674847 0.0318399 0.138556
0 0.236857 0.534812 0.0220463 0.108538
0 0.959113 0.937494 0.0603954 0.125012
6 0.342116 0.673359 0.681738 0.632768
0 0.571601 0.728378 0.0439697 0.226903
0 0.0367037 0.675079 0.032934 0.0606864
0 0.904391 0.591257 0.0247692 0.113549
0 0.630901 0.628868 0.0241976 0.125347
0 0.96237 0.852322 0.0586071 0.126137
0 0.407253 0.968842 0.0283239 0.0623154
0 0.371642 0.919094 0.0473866 0.161811
0 0.521918 0.739107 0.0335134 0.163618
0 0.140218 0.617453 0.0322869 0.0692117
26 0.612472 0.901297 0.0191339 0.0692091
0 0.958254 0.866544 0.0651852 0.159007
