0 0.883826 0.895127 0.0473537 0.207235
0 0.885149 0.703048 0.0378735 0.157722
0 0.679322 0.900875 0.0581255 0.198249
6 0.403553 0.64416 0.800527 0.700559
0 0.968373 0.738752 0.0387836 0.167982
0 0.419833 0.915831 0.041197 0.168338
0 0.296634 0.921533 0.0530377 0.156934
0 0.546295 0.929841 0.0341495 0.140318
0 0.572049 0.743102 0.0335337 0.131189
0 0.611286 0.75047 0.0235504 0.154056
0 0.633193 0.782431 0.0305227 0.173265
0 0.930664 0.663054 0.0270632 0.122346
0 0.82147 0.740864 0.0259914 0.140372
0 0.800575 0.691634 0.0273113 0.139156
0 0.218494 0.568707 0.0230074 0.0485341
0 0.484217 0.918851 0.0453785 0.162298
0 0.546133 0.94913 0.0303077 0.10174
0 0.496325 0.914374 0.0216591 0.156655
