6 0.426557 0.63911 0.843728 0.714835
0 0.902425 0.820666 0.0452099 0.198788
0 0.838875 0.778412 0.0366966 0.173814
0 0.891333 0.69208 0.0404179 0.175401
0 0.980874 0.888155 0.0376999 0.22369
0 0.714631 0.723504 0.0341936 0.174893
26 0.973421 0.857821 0.0287399 0.083844
0 0.97347 0.76115 0.0310951 0.155245
0 0.654013 0.855377 0.0302106 0.174165
0 0.226568 0.575266 0.0210352 0.0465708
0 0.0880315 0.61474 0.0276118 0.102584
0 0.502779 0.962969 0.0418799 0.0740628
0 0.92908 0.745326 0.032848 0.131775
0 0.5742 0.854014 0.0482793 0.199755
0 0.621095 0.891962 0.0402786 0.215529
17 0.570974 0.858637 0.0570663 0.201565
0 0.627279 0.724752 0.0350462 0.15611
24 0.973775 0.857433 0.0280003 0.0920787
0 0.0573743 0.602388 0.031695 0.123728
