0 0.902441 0.785361 0.0428738 0.180904
6 0.337018 0.681146 0.671876 0.614642
0 0.669445 0.896317 0.049806 0.207367
0 0.523805 0.949258 0.0547916 0.101484
0 0.839333 0.738669 0.0354189 0.164822
24 0.975285 0.828863 0.0260986 0.0599124
0 0.570017 0.884227 0.0450384 0.202477
0 0.102639 0.603309 0.0250405 0.0941128
0 0.532863 0.789954 0.0279985 0.198682
0 0.596019 0.80965 0.0356005 0.172857
0 0.722421 0.684437 0.0292608 0.163016
0 0.879938 0.970936 0.0334339 0.0581272
0 0.50434 0.764141 0.0374599 0.159697
0 0.651711 0.748512 0.0331369 0.170447
0 0.648553 0.733017 0.0373301 0.20657
0 0.927221 0.708992 0.0291267 0.112644
0 0.225405 0.568778 0.021649 0.0505086
0 0.682829 0.782431 0.0272909 0.104009
0 0.891815 0.669352 0.0392338 0.167313
0 0.46513 0.781088 0.0335097 0.190977
0 0.0674395 0.615423 0.0321987 0.108727
0 0.276316 0.9117 0.0346227 0.1766
0 0.99061 0.852567 0.0179832 0.222252
0 0.970263 0.736074 0.027846 0.150071
