0 0.882994 0.895453 0.0477211 0.20575
0 0.414996 0.917307 0.0403765 0.165386
0 0.676171 0.899534 0.0637358 0.200489
0 0.885557 0.705312 0.0348059 0.160001
0 0.29157 0.929969 0.0438313 0.140062
0 0.968674 0.739787 0.0378189 0.168316
6 0.403012 0.645849 0.803061 0.699257
0 0.569782 0.743139 0.0331139 0.138804
0 0.546146 0.930431 0.0344829 0.139139
0 0.931757 0.663559 0.0309273 0.121808
0 0.819011 0.730333 0.0249527 0.15069
0 0.218571 0.569143 0.0230674 0.0495183
0 0.62849 0.784742 0.0326641 0.182017
0 0.79842 0.696397 0.0247923 0.140322
0 0.481819 0.919976 0.0453947 0.160048
0 0.608952 0.755857 0.0216053 0.14846
