0 0.878626 0.912208 0.053545 0.175583
0 0.54819 0.93288 0.0346534 0.13424
0 0.89166 0.72375 0.0362612 0.157461
0 0.974907 0.771091 0.0477379 0.181836
0 0.617017 0.866266 0.0378955 0.204671
0 0.679579 0.80528 0.0401718 0.183206
0 0.546121 0.753973 0.030752 0.154676
0 0.780087 0.749671 0.035437 0.142638
0 0.523027 0.732992 0.0277114 0.16871
6 0.406663 0.645881 0.792684 0.704789
0 0.379041 0.937451 0.0326726 0.125098
0 0.680359 0.650635 0.0271893 0.134825
0 0.125491 0.604436 0.0360354 0.0740697
0 0.846577 0.68071 0.0315315 0.157758
0 0.577917 0.788318 0.0500558 0.181053
0 0.506427 0.961787 0.0328222 0.0764255
0 0.450054 0.931527 0.0334618 0.136946
0 0.938926 0.684107 0.0269754 0.131089
