6 0.432554 0.628149 0.818077 0.725848
0 0.61217 0.901996 0.0493254 0.196009
0 0.725441 0.678054 0.0322219 0.15224
0 0.883997 0.875851 0.0492458 0.230888
0 0.815668 0.820519 0.0478996 0.165736
0 0.858523 0.69313 0.0329506 0.155493
0 0.483968 0.730199 0.0231543 0.150919
0 0.815393 0.935517 0.0501282 0.128166
0 0.141457 0.604844 0.0315777 0.0701519
24 0.588658 0.962481 0.025905 0.0732889
26 0.589506 0.949511 0.025 0.097997
0 0.233754 0.564959 0.0259659 0.0519977
0 0.972756 0.900732 0.0539799 0.144929
0 0.974363 0.961359 0.0512749 0.0772815
0 0.904356 0.745948 0.0604954 0.115623
0 0.903622 0.599971 0.0247368 0.104615
0 0.817437 0.582748 0.0193043 0.125372
0 0.0293269 0.670866 0.0363728 0.0611656
0 0.312768 0.954255 0.0461556 0.0914902
