6 0.421359 0.642109 0.839576 0.702096
0 0.902681 0.817026 0.0442268 0.202786
0 0.625876 0.898201 0.0430342 0.203598
0 0.891617 0.690384 0.0405016 0.177352
0 0.576847 0.856805 0.0397778 0.187449
0 0.841781 0.770907 0.0345142 0.178411
0 0.716428 0.71821 0.0356319 0.165003
26 0.973633 0.85697 0.0287579 0.0827869
0 0.0855282 0.615914 0.0280397 0.10402
0 0.226833 0.575154 0.0212274 0.0456121
0 0.980374 0.891431 0.0385372 0.213261
0 0.654606 0.843863 0.0291134 0.187254
0 0.0561007 0.603048 0.033129 0.125646
0 0.501192 0.961803 0.0371863 0.076393
0 0.972551 0.759841 0.0340832 0.158416
0 0.520981 0.899744 0.0358072 0.170018
0 0.122702 0.586375 0.0237104 0.0838036
0 0.760676 0.574176 0.0259737 0.117817
0 0.611892 0.762407 0.024375 0.133081
