0 0.919688 0.880019 0.0472321 0.219425
0 0.594992 0.913396 0.0395998 0.173207
0 0.693482 0.769497 0.039337 0.192283
0 0.491926 0.905788 0.0367905 0.188424
0 0.836696 0.824768 0.0329353 0.18484
26 0.955369 0.923544 0.0295372 0.0962345
0 0.394254 0.931524 0.0514822 0.135953
0 0.54585 0.833267 0.0435657 0.224364
0 0.278877 0.909639 0.0498505 0.179039
0 0.853994 0.636751 0.024044 0.12109
0 0.755198 0.611419 0.0243404 0.132213
0 0.978804 0.919712 0.0416025 0.160576
0 0.229385 0.572079 0.0245743 0.045638
26 0.955382 0.93816 0.0298954 0.0677157
0 0.899102 0.736568 0.0404966 0.199226
0 0.933742 0.776183 0.0333069 0.117084
6 0.41786 0.633815 0.819146 0.718354
26 0.674659 0.791342 0.0191889 0.0634584
0 0.830087 0.709422 0.0330376 0.124036
0 0.991239 0.682879 0.0169247 0.128567
0 0.616257 0.708336 0.0326934 0.15733
0 0.713022 0.582256 0.0289172 0.116079
