0 0.82367 0.89877 0.0436783 0.200271
0 0.333245 0.94043 0.0626967 0.11914
0 0.659695 0.840718 0.0568502 0.208527
0 0.422355 0.908029 0.0483221 0.183941
0 0.900176 0.81563 0.0440582 0.213002
0 0.819521 0.768443 0.0409608 0.152079
0 0.735158 0.644113 0.0344611 0.13938
0 0.471539 0.762075 0.0299633 0.194109
0 0.855514 0.670229 0.0317425 0.144121
0 0.553377 0.782167 0.0277376 0.146222
0 0.605654 0.721005 0.0395904 0.185703
26 0.630634 0.862458 0.0212019 0.0628123
0 0.278207 0.906112 0.030768 0.13031
0 0.612566 0.729621 0.0256689 0.164287
0 0.0396206 0.674234 0.0315531 0.0604552
0 0.963654 0.829472 0.034161 0.124235
6 0.345081 0.683045 0.690161 0.599678
0 0.17086 0.584847 0.0283288 0.096781
0 0.140146 0.616078 0.03252 0.0614319
