0 0.818263 0.905452 0.0448845 0.189097
0 0.641273 0.866384 0.043745 0.224359
0 0.817242 0.780134 0.0409481 0.163897
0 0.895285 0.828289 0.0441891 0.220186
0 0.731287 0.653547 0.0263641 0.141882
0 0.857603 0.670777 0.0288422 0.137138
0 0.583699 0.7487 0.0413463 0.155015
0 0.950248 0.929012 0.0692329 0.138359
0 0.306972 0.924565 0.0566733 0.150869
6 0.348121 0.675236 0.696243 0.62815
26 0.61768 0.888491 0.0220051 0.0784002
0 0.6423 0.61266 0.0284975 0.145558
0 0.878674 0.554816 0.0204903 0.10305
0 0.905096 0.592439 0.0265547 0.112926
0 0.963401 0.851792 0.044899 0.134172
0 0.0395008 0.673638 0.0311119 0.0635259
0 0.535926 0.71616 0.0288343 0.12751
6 0.454869 0.617549 0.86116 0.747004
0 0.139853 0.616733 0.033386 0.0685232
