0 0.877276 0.855519 0.0430714 0.188714
0 0.461911 0.878251 0.0390783 0.202269
0 0.765554 0.895278 0.0456886 0.209445
0 0.881562 0.690043 0.035228 0.172692
6 0.402824 0.649789 0.800725 0.694825
0 0.840397 0.704098 0.028566 0.146118
0 0.674646 0.777639 0.0429323 0.173789
0 0.544787 0.930881 0.0362526 0.137532
0 0.62273 0.755805 0.0311784 0.151369
0 0.216758 0.564775 0.0244916 0.0512375
0 0.519345 0.901597 0.0476886 0.196805
0 0.631165 0.961555 0.0438389 0.0748016
0 0.345602 0.931396 0.0391102 0.137209
0 0.812074 0.674136 0.0255901 0.146239
0 0.120815 0.604717 0.0346323 0.0865789
0 0.951005 0.769004 0.0534241 0.270874
0 0.593481 0.70561 0.0310374 0.162909
0 0.705525 0.626711 0.0232434 0.136763
