0 0.883875 0.90228 0.0443405 0.195439
0 0.886728 0.708482 0.0355343 0.170171
0 0.546651 0.929838 0.0354549 0.140325
0 0.399402 0.927695 0.0449831 0.144181
0 0.973935 0.753715 0.0353168 0.176969
0 0.694871 0.791382 0.0449192 0.174694
6 0.412583 0.642736 0.793818 0.705996
0 0.642261 0.890296 0.0419151 0.20713
0 0.557197 0.753296 0.0363933 0.151794
0 0.799469 0.736612 0.0359594 0.156905
0 0.603578 0.791508 0.0372511 0.181049
0 0.270263 0.92016 0.0398734 0.15898
0 0.934651 0.670972 0.0267223 0.122562
0 0.687193 0.644812 0.0291182 0.142947
0 0.533542 0.733629 0.0297939 0.16192
0 0.470854 0.926045 0.0395485 0.145481
0 0.519475 0.961754 0.0315786 0.0764918
0 0.782607 0.705597 0.0239355 0.153129
