0 0.631919 0.888685 0.0613277 0.22123
0 0.723336 0.66136 0.037129 0.144126
0 0.886788 0.862847 0.0473206 0.237136
6 0.354998 0.668888 0.688931 0.639943
26 0.601804 0.907239 0.0264469 0.116235
0 0.85541 0.68615 0.0371487 0.149474
0 0.816079 0.812738 0.0472681 0.182905
0 0.966848 0.949211 0.0659409 0.101579
0 0.824034 0.92389 0.0384768 0.147883
0 0.203488 0.563613 0.0223793 0.0816374
0 0.0336055 0.672315 0.0348378 0.0627562
0 0.502064 0.73649 0.024334 0.152376
0 0.235295 0.567349 0.0203135 0.0437621
0 0.550388 0.749702 0.0286144 0.177232
28 0.740865 0.701628 0.0192602 0.0510769
0 0.901639 0.583904 0.0233791 0.120446
0 0.975639 0.875314 0.0472988 0.131696
0 0.470148 0.736145 0.0239916 0.17109
