6 0.412403 0.646251 0.793621 0.707497
0 0.891791 0.725942 0.0388699 0.164362
0 0.672727 0.814918 0.0454121 0.189345
0 0.548122 0.931931 0.0308511 0.136138
0 0.880017 0.915529 0.0490984 0.168942
0 0.600011 0.863396 0.0501317 0.200634
24 0.964526 0.744837 0.022718 0.0624145
0 0.978024 0.772213 0.04231 0.179234
0 0.677733 0.650997 0.0281193 0.151789
0 0.37469 0.935971 0.0363029 0.128059
0 0.845105 0.683406 0.0329523 0.157343
0 0.125708 0.603719 0.0359387 0.0680708
0 0.51762 0.736366 0.0280085 0.168363
0 0.541578 0.755535 0.0341482 0.149279
0 0.570381 0.78862 0.0379423 0.180766
0 0.442079 0.923557 0.0308932 0.152886
0 0.774447 0.752764 0.0289551 0.146796
0 0.808344 0.982101 0.0388425 0.0357971
0 0.621636 0.719787 0.0300901 0.142785
0 0.0105756 0.639231 0.0211512 0.105599
0 0.498349 0.959944 0.0324162 0.0801129
0 0.940793 0.68597 0.0274364 0.135268
0 0.881347 0.936547 0.0424223 0.126906
