6 0.42886 0.625954 0.811354 0.729629
0 0.614163 0.900292 0.0486486 0.199416
0 0.725993 0.67627 0.030702 0.147927
0 0.813847 0.817424 0.0494503 0.169566
0 0.884458 0.874797 0.0477325 0.228647
0 0.484258 0.729535 0.0234877 0.154439
0 0.858922 0.689428 0.0335844 0.149573
0 0.816421 0.93519 0.0479774 0.12962
0 0.972664 0.898384 0.0541689 0.145663
0 0.233189 0.564115 0.0272714 0.050621
0 0.904633 0.742227 0.0601433 0.119102
0 0.141276 0.605636 0.0314886 0.0681235
0 0.513537 0.756056 0.0323756 0.167792
0 0.904296 0.598794 0.0233929 0.103949
0 0.21176 0.554767 0.0210767 0.0791694
28 0.740214 0.711872 0.0189508 0.0547397
