0 0.832069 0.86407 0.0424955 0.197368
0 0.928945 0.89942 0.0546249 0.20116
0 0.681387 0.799662 0.0405372 0.19623
0 0.308115 0.933183 0.0490456 0.133634
6 0.428251 0.645582 0.833404 0.708836
0 0.385357 0.956089 0.0417856 0.0871436
0 0.911733 0.772179 0.0399706 0.18564
0 0.195438 0.562337 0.0199923 0.0962001
0 0.481097 0.870821 0.0385145 0.196991
6 0.340832 0.679133 0.67854 0.620439
0 0.854719 0.647126 0.028417 0.130827
0 0.822141 0.745858 0.0355455 0.157856
0 0.507108 0.793723 0.0383522 0.194421
0 0.979303 0.941822 0.0408802 0.116355
0 0.613573 0.759168 0.0343262 0.144961
0 0.427093 0.917491 0.0492359 0.165018
0 0.231997 0.572848 0.0228044 0.0453827
0 0.589886 0.724048 0.0325346 0.160549
26 0.659092 0.823956 0.0193476 0.0622148
