0 0.645164 0.823895 0.0459481 0.186183
0 0.890461 0.7328 0.0352762 0.168326
6 0.409454 0.644735 0.802905 0.690375
0 0.876667 0.924338 0.051153 0.151323
0 0.579797 0.844793 0.03662 0.196033
0 0.550625 0.931558 0.0302191 0.136884
0 0.126478 0.601802 0.0339963 0.0743563
24 0.967295 0.761027 0.0210594 0.0650075
0 0.672288 0.660495 0.0283386 0.145495
0 0.615428 0.742036 0.0298464 0.154064
0 0.978957 0.785955 0.0408363 0.189532
0 0.0338966 0.631192 0.0296623 0.0926763
0 0.84734 0.694407 0.0287003 0.149722
0 0.344933 0.927607 0.0490898 0.144786
0 0.795771 0.961393 0.0517109 0.0759184
0 0.00983226 0.614336 0.0196645 0.148605
0 0.419121 0.929047 0.0292039 0.141906
0 0.971781 0.795796 0.0310104 0.171019
0 0.46778 0.955034 0.0312954 0.0879792
