6 0.438789 0.624614 0.834528 0.730484
0 0.616793 0.899268 0.0453893 0.201465
0 0.726156 0.67643 0.0305597 0.148372
0 0.885459 0.873304 0.0485226 0.23119
0 0.814575 0.816551 0.0513893 0.170868
0 0.858538 0.690611 0.0332644 0.148584
0 0.517654 0.75552 0.0327212 0.170894
0 0.485961 0.735941 0.0269594 0.155279
0 0.817375 0.933839 0.04564 0.132321
0 0.234392 0.563839 0.0256736 0.0488324
0 0.973099 0.896376 0.0532825 0.141481
0 0.210786 0.555482 0.0201982 0.0792265
0 0.904395 0.739815 0.0609917 0.116271
0 0.980979 0.898193 0.0375343 0.143089
