0 0.893346 0.75268 0.0420073 0.184385
0 0.83751 0.707432 0.0334614 0.154255
6 0.339041 0.675521 0.678082 0.625334
6 0.428366 0.63575 0.83161 0.708285
0 0.878761 0.939743 0.0546272 0.117314
0 0.615769 0.85039 0.04617 0.208531
0 0.0709585 0.609792 0.0285362 0.0928611
0 0.545847 0.932834 0.0460072 0.134332
0 0.742585 0.931027 0.0713545 0.136524
0 0.550733 0.806428 0.0323078 0.190665
0 0.981355 0.809655 0.0368038 0.191207
0 0.301045 0.918055 0.0544522 0.163889
0 0.127265 0.596175 0.0331947 0.065095
0 0.509513 0.771065 0.0391703 0.179368
0 0.413246 0.953065 0.0345633 0.089109
0 0.0362341 0.619472 0.0311488 0.0979877
0 0.472818 0.734296 0.0302507 0.148854
0 0.367937 0.92484 0.051098 0.15032
24 0.970204 0.782994 0.0209646 0.0593275
0 0.222216 0.559007 0.0196644 0.048044
0 0.732382 0.932303 0.0499302 0.135394
