6 0.423201 0.639032 0.838221 0.704259
0 0.903479 0.806611 0.0436275 0.204935
0 0.543028 0.903611 0.0414093 0.192545
0 0.84431 0.762537 0.0384571 0.175126
0 0.512992 0.958922 0.0529286 0.0821554
0 0.893039 0.684687 0.0402531 0.171592
0 0.589409 0.843946 0.0391165 0.193503
0 0.0474837 0.601977 0.0317403 0.123712
0 0.0764021 0.613895 0.0304398 0.109485
0 0.640405 0.906417 0.055076 0.187165
0 0.112944 0.599174 0.0251652 0.106429
0 0.630489 0.756741 0.0407967 0.173209
0 0.722121 0.709836 0.032856 0.159401
0 0.227199 0.574786 0.0221131 0.0450373
0 0.972552 0.753992 0.0360916 0.15599
0 0.498197 0.772388 0.0287652 0.161454
0 0.982848 0.875667 0.0337814 0.218158
0 0.924457 0.725615 0.0295799 0.118558
0 0.842914 0.65676 0.0358593 0.0823598
0 0.529889 0.766694 0.0236826 0.131567
0 0.321124 0.956723 0.0449982 0.0862573
