0 0.912066 0.843588 0.0479197 0.217341
0 0.710322 0.750487 0.0413597 0.186326
0 0.628545 0.894054 0.0397192 0.190822
6 0.417609 0.64085 0.824594 0.71444
0 0.838593 0.805156 0.0436827 0.184359
0 0.584367 0.867792 0.0440388 0.200876
26 0.966063 0.895165 0.02999 0.080717
0 0.292775 0.915004 0.0394672 0.169992
0 0.89745 0.714318 0.0402382 0.189892
0 0.984286 0.900886 0.0308599 0.198228
0 0.857092 0.621605 0.0241951 0.114432
0 0.227065 0.574781 0.0218909 0.0475354
0 0.535811 0.881855 0.0521107 0.235048
0 0.837543 0.687768 0.0380596 0.0962084
0 0.979915 0.787853 0.0304132 0.133567
0 0.934909 0.695653 0.0350544 0.0933134
0 0.505576 0.768378 0.0316318 0.167613
0 0.132861 0.626787 0.027826 0.0824358
0 0.985191 0.65529 0.0276619 0.136032
0 0.892064 0.575304 0.0203663 0.104476
0 0.0296419 0.672887 0.0290943 0.0600025
