0 0.906253 0.829265 0.0432964 0.202527
6 0.423364 0.642666 0.843761 0.713211
0 0.892386 0.702275 0.0413851 0.18717
0 0.649923 0.873564 0.0319609 0.191889
0 0.609385 0.888505 0.0389687 0.219309
0 0.712186 0.729658 0.034362 0.173129
0 0.565046 0.872608 0.0556797 0.195523
0 0.9828 0.891571 0.033868 0.216858
26 0.971092 0.866784 0.029583 0.0827342
0 0.226528 0.574999 0.0208317 0.0471224
0 0.836721 0.781666 0.0353317 0.178382
0 0.93099 0.749112 0.0325996 0.127353
0 0.503871 0.912696 0.0466396 0.174609
0 0.975849 0.768551 0.0316959 0.15259
0 0.988662 0.880955 0.0218477 0.23809
