6 0.433154 0.636511 0.796892 0.712998
0 0.88044 0.890361 0.0537426 0.219279
0 0.607409 0.910842 0.0585283 0.178317
0 0.856192 0.701769 0.0359917 0.158043
0 0.82036 0.837544 0.052668 0.172936
0 0.719649 0.69599 0.0371202 0.162171
0 0.818128 0.949226 0.0555388 0.101547
0 0.14125 0.607428 0.0313068 0.0760303
0 0.820243 0.587544 0.0218197 0.118914
0 0.298374 0.962765 0.0271123 0.0744693
0 0.905498 0.751191 0.059914 0.120793
0 0.898818 0.586933 0.032575 0.131008
0 0.263804 0.508117 0.0196091 0.0864583
0 0.476233 0.729782 0.0335403 0.17858
