0 0.90901 0.840291 0.0445822 0.217923
6 0.444396 0.630529 0.885471 0.726628
0 0.711708 0.731835 0.0348007 0.175104
0 0.646218 0.87247 0.0366821 0.194331
0 0.837089 0.78545 0.0379299 0.175846
0 0.89312 0.705966 0.0423332 0.196881
0 0.600922 0.88671 0.044206 0.226581
0 0.981988 0.897043 0.0355471 0.201116
0 0.557159 0.872795 0.0424466 0.196093
0 0.226626 0.57453 0.0212543 0.0487169
26 0.967813 0.873411 0.0290617 0.0843143
0 0.615501 0.719859 0.0338865 0.137967
0 0.514557 0.780532 0.0306347 0.15932
0 0.131875 0.614998 0.0306796 0.0662015
0 0.48476 0.962106 0.031397 0.0757871
