6 0.417453 0.63635 0.820908 0.706221
0 0.903335 0.797914 0.0455067 0.19343
0 0.549989 0.902149 0.0447063 0.194568
0 0.51491 0.95836 0.0507359 0.0832793
0 0.50191 0.771832 0.0296076 0.163924
0 0.844078 0.762766 0.0367571 0.170664
0 0.894112 0.675888 0.040477 0.164818
0 0.110866 0.599022 0.0264109 0.107569
0 0.59177 0.839677 0.0361979 0.19278
0 0.0466339 0.602455 0.0307362 0.128369
0 0.648436 0.905501 0.0413312 0.188998
0 0.0746758 0.616452 0.0300449 0.109156
0 0.630983 0.75642 0.0419939 0.186117
0 0.226894 0.573846 0.0220661 0.0452252
26 0.976513 0.836868 0.025312 0.0718645
0 0.721831 0.70561 0.0329231 0.158822
0 0.53186 0.772892 0.0249958 0.144205
0 0.862024 0.597062 0.0228405 0.0954056
0 0.973338 0.751721 0.0351307 0.159191
0 0.923946 0.724667 0.0306091 0.115329
0 0.989779 0.871191 0.0197433 0.210496
24 0.977662 0.834953 0.0279491 0.0870243
