6 0.452575 0.624769 0.830721 0.733132
0 0.608153 0.904876 0.0490822 0.190249
0 0.881953 0.883354 0.0495993 0.233292
0 0.722624 0.681714 0.0370102 0.155333
0 0.818036 0.824201 0.0498806 0.164787
0 0.858309 0.699623 0.0319538 0.155136
0 0.141757 0.61843 0.0316058 0.0995234
0 0.903323 0.598037 0.0244911 0.105455
0 0.813163 0.939505 0.0563263 0.120991
0 0.31105 0.960988 0.0274435 0.0780236
0 0.0303955 0.66921 0.0388961 0.0661921
0 0.235307 0.564965 0.0244441 0.0470161
0 0.817949 0.585132 0.0203091 0.112744
0 0.504264 0.755479 0.0338174 0.165603
