6 0.412597 0.641736 0.815546 0.699486
0 0.904218 0.807379 0.0431538 0.203927
0 0.541058 0.905574 0.0419994 0.188853
0 0.845862 0.763274 0.0342234 0.166631
0 0.589315 0.842615 0.0388739 0.197848
0 0.511146 0.959276 0.0492342 0.0814485
0 0.893019 0.684619 0.0400341 0.169945
0 0.0480237 0.601948 0.0317502 0.126246
0 0.496478 0.77026 0.0272532 0.157706
0 0.077685 0.61454 0.0289906 0.105611
0 0.114076 0.599763 0.0245874 0.106404
0 0.63741 0.909069 0.0559143 0.181861
0 0.720789 0.710414 0.0310698 0.160261
0 0.971325 0.761344 0.0397575 0.171056
0 0.227212 0.575043 0.0224823 0.0475477
0 0.629504 0.754953 0.0400011 0.1766
0 0.843698 0.656657 0.0354454 0.0855651
0 0.982959 0.876728 0.033559 0.217432
26 0.976798 0.844922 0.025922 0.0720235
0 0.923887 0.726424 0.0314245 0.119427
0 0.966787 0.783238 0.0482033 0.214693
0 0.132088 0.621925 0.0298421 0.0776828
