0 0.459967 0.878957 0.0428865 0.20124
0 0.87708 0.862859 0.0427765 0.197608
0 0.880936 0.690031 0.0346823 0.162572
0 0.755532 0.901537 0.0466558 0.196926
6 0.403369 0.650558 0.795441 0.692439
0 0.839796 0.703762 0.0273949 0.149864
0 0.512417 0.911199 0.0458561 0.176735
0 0.544788 0.931431 0.0354499 0.137139
0 0.621979 0.755911 0.0298787 0.151756
0 0.670384 0.777428 0.0424051 0.180939
0 0.346135 0.922338 0.0509445 0.155325
0 0.216644 0.56256 0.0251575 0.0478374
0 0.810653 0.675356 0.0284803 0.146149
0 0.950905 0.770334 0.0533791 0.267489
0 0.70501 0.627816 0.0227212 0.141641
0 0.593595 0.724253 0.0313791 0.134157
