6 0.421311 0.630364 0.770879 0.722499
0 0.88065 0.886246 0.0498926 0.227508
0 0.609076 0.904846 0.0477373 0.187875
0 0.722123 0.687857 0.035253 0.158833
0 0.85797 0.700042 0.0327187 0.155693
0 0.81911 0.830322 0.0517174 0.168748
0 0.814362 0.946441 0.0548567 0.107118
0 0.141529 0.613262 0.0320018 0.0891068
0 0.975776 0.919897 0.0479458 0.149995
0 0.0290693 0.669102 0.0346649 0.0639845
0 0.90201 0.596207 0.0253433 0.109359
0 0.235447 0.56616 0.0232848 0.0473962
0 0.498729 0.748941 0.0337408 0.182721
