0 0.887357 0.710483 0.0351646 0.160747
0 0.883519 0.903719 0.0433002 0.192563
0 0.632736 0.884691 0.0560015 0.208773
0 0.972867 0.756859 0.0391392 0.175739
0 0.687492 0.798893 0.0451256 0.176842
0 0.547233 0.930132 0.0367979 0.139736
0 0.392971 0.933033 0.0444489 0.132906
6 0.408617 0.650525 0.794905 0.698949
0 0.55439 0.756881 0.0343288 0.146389
0 0.599473 0.782672 0.0361588 0.19585
0 0.684621 0.649791 0.0290812 0.149645
0 0.530972 0.730731 0.0308707 0.159267
0 0.788819 0.722792 0.0395914 0.190091
0 0.936018 0.673702 0.0268261 0.131183
0 0.266769 0.911919 0.0568016 0.173907
0 0.466723 0.93247 0.0299431 0.135061
0 0.51364 0.960762 0.0314495 0.0784752
26 0.959409 0.732334 0.0176323 0.0545361
0 0.84863 0.676362 0.0306362 0.162437
