6 0.439201 0.625231 0.822822 0.730163
0 0.61959 0.898005 0.0426203 0.203989
0 0.726297 0.677039 0.0307409 0.150626
0 0.885942 0.870355 0.0478058 0.227828
0 0.815189 0.818763 0.0500687 0.178094
0 0.858224 0.689508 0.0339138 0.147635
0 0.519811 0.756112 0.0363022 0.174768
0 0.487044 0.739084 0.0275845 0.155032
0 0.817445 0.934548 0.0451199 0.130588
0 0.23454 0.564717 0.0258972 0.0510622
0 0.972065 0.894781 0.0553715 0.139065
0 0.209665 0.558191 0.0195286 0.080914
0 0.905326 0.740763 0.0604965 0.118028
0 0.979931 0.896054 0.0394581 0.13661
0 0.903817 0.598482 0.0221661 0.0994804
