6 0.413944 0.638936 0.821636 0.71653
0 0.9118 0.83519 0.0493158 0.225732
0 0.630658 0.889429 0.0396263 0.18928
0 0.712539 0.74816 0.0406342 0.187596
0 0.293546 0.915535 0.0393007 0.168929
0 0.591797 0.86656 0.0359055 0.196463
0 0.89708 0.713192 0.0414471 0.194583
0 0.226728 0.575954 0.0214563 0.0506578
26 0.967408 0.889789 0.0275295 0.084594
0 0.983031 0.901046 0.0334366 0.197908
0 0.506973 0.770832 0.0334768 0.167559
0 0.838628 0.802897 0.0398167 0.18689
0 0.856977 0.620584 0.0230747 0.108487
0 0.891443 0.573925 0.0193977 0.0949627
0 0.837741 0.687738 0.0376514 0.102538
0 0.979226 0.778091 0.0340572 0.151854
0 0.741572 0.576957 0.024155 0.115599
