0 0.634866 0.870304 0.0447058 0.230737
0 0.817661 0.789754 0.0464596 0.162498
0 0.890723 0.833566 0.0430374 0.219915
0 0.727917 0.655033 0.0307673 0.139658
0 0.28288 0.917394 0.0573597 0.165213
0 0.857252 0.675588 0.0321735 0.140439
0 0.570242 0.758129 0.0452064 0.168086
0 0.818454 0.914698 0.046566 0.168781
0 0.236925 0.534448 0.0222508 0.110045
0 0.629449 0.631305 0.0258385 0.123336
0 0.0364867 0.675109 0.0335152 0.0611981
0 0.961281 0.93811 0.0603062 0.123779
0 0.520928 0.742507 0.0324728 0.17168
0 0.903707 0.590402 0.0252563 0.111558
0 0.959766 0.579575 0.030022 0.128467
0 0.140449 0.618073 0.0325929 0.0693741
0 0.496043 0.785207 0.0415251 0.137448
0 0.395067 0.958628 0.0442827 0.082744
0 0.961446 0.854073 0.0597191 0.126304
