0 0.626263 0.893357 0.0576389 0.213286
0 0.88711 0.862316 0.0472507 0.232781
0 0.72368 0.666079 0.0354359 0.135099
0 0.816101 0.815518 0.0467258 0.182187
0 0.536292 0.758322 0.0494665 0.165962
0 0.857257 0.687185 0.037595 0.147277
0 0.821226 0.926502 0.037582 0.145219
0 0.206898 0.56008 0.0212039 0.0766379
0 0.236275 0.566167 0.0233144 0.0508262
0 0.966114 0.954077 0.0667349 0.0918468
0 0.973027 0.887643 0.0534363 0.14244
6 0.434515 0.626577 0.800939 0.729361
0 0.0326667 0.672095 0.0368488 0.0650579
0 0.493224 0.73712 0.0249436 0.149025
0 0.902904 0.593836 0.0241207 0.122139
