6 0.338322 0.677667 0.672509 0.614603
0 0.895727 0.757726 0.0395443 0.181824
0 0.880792 0.941773 0.0555058 0.11024
0 0.83824 0.715662 0.0351431 0.157878
0 0.612323 0.854412 0.0452553 0.204965
0 0.980544 0.812934 0.0383242 0.191425
0 0.727515 0.926411 0.0539019 0.147177
0 0.0764678 0.604894 0.0272836 0.0909004
0 0.5405 0.939351 0.0416131 0.121297
0 0.547916 0.804818 0.0362843 0.205926
0 0.127336 0.596821 0.033407 0.0660004
0 0.294962 0.91883 0.0555533 0.162339
24 0.970636 0.785938 0.0224575 0.0590122
6 0.447167 0.635415 0.719637 0.675849
0 0.517706 0.768671 0.0273308 0.17697
0 0.0399925 0.620514 0.0299396 0.0864697
0 0.403072 0.953938 0.0382004 0.089633
0 0.468527 0.731819 0.0295612 0.159582
0 0.682622 0.734608 0.0383864 0.167091
0 0.222369 0.559319 0.0203336 0.0479189
