6 0.419392 0.625706 0.796689 0.729469
0 0.608224 0.917982 0.0711694 0.164035
0 0.88081 0.89847 0.0524071 0.203061
0 0.853527 0.708309 0.0397795 0.164314
0 0.714586 0.695253 0.0450256 0.161123
0 0.82216 0.851862 0.0503427 0.183651
0 0.819097 0.95338 0.051392 0.0932392
0 0.899242 0.586985 0.0300888 0.12585
0 0.141611 0.609918 0.0315163 0.081411
0 0.0346221 0.664568 0.0367391 0.0672126
0 0.306477 0.512935 0.0287719 0.0774697
0 0.824154 0.592768 0.0236773 0.122126
0 0.286679 0.955605 0.0326555 0.0887894
