6 0.430086 0.628671 0.801685 0.723894
0 0.881086 0.886997 0.0526636 0.226006
0 0.857477 0.700387 0.0338867 0.156769
0 0.607208 0.907769 0.0524529 0.184462
0 0.721861 0.692177 0.0348178 0.157666
0 0.819487 0.834413 0.0531076 0.175798
0 0.81606 0.949311 0.0577129 0.101377
0 0.141314 0.609665 0.0319911 0.0808974
0 0.818946 0.584618 0.0212687 0.122272
0 0.90136 0.596341 0.0304281 0.107894
0 0.297544 0.955646 0.0370169 0.0887082
0 0.49613 0.749756 0.0334158 0.172183
0 0.484683 0.752981 0.0526806 0.191787
0 0.0311996 0.66798 0.0376575 0.0665529
0 0.287809 0.953457 0.0334506 0.0930867
