6 0.400079 0.649714 0.800158 0.698358
0 0.365619 0.926792 0.0603275 0.146415
0 0.882975 0.678755 0.0360016 0.170042
0 0.874801 0.85162 0.0425638 0.197005
0 0.358488 0.931969 0.0440901 0.136063
0 0.215951 0.562765 0.0252071 0.0477156
0 0.842266 0.70537 0.0270601 0.138129
0 0.782995 0.898705 0.0571891 0.190766
0 0.544429 0.933247 0.0351244 0.133507
0 0.476793 0.859553 0.0339844 0.178459
0 0.623266 0.757259 0.0328503 0.147175
0 0.697904 0.769864 0.0301664 0.172712
0 0.481524 0.86024 0.0258888 0.166926
0 0.645567 0.951582 0.0513706 0.0968353
0 0.120405 0.596211 0.0335217 0.0693158
0 0.960595 0.703739 0.0296074 0.159683
0 0.919221 0.644251 0.0248024 0.112146
