6 0.39512 0.650989 0.788652 0.691336
0 0.456257 0.896296 0.0469522 0.207408
0 0.876891 0.874347 0.0492157 0.203041
0 0.881272 0.693932 0.0358711 0.162998
0 0.657967 0.777215 0.036408 0.18042
0 0.504394 0.908739 0.0480652 0.182522
0 0.835823 0.711835 0.0285812 0.154189
0 0.7024 0.629327 0.0271616 0.140253
0 0.620053 0.756668 0.0319012 0.143389
0 0.612433 0.967161 0.0364616 0.0656787
0 0.545925 0.929161 0.0370016 0.141005
0 0.732218 0.906137 0.0513138 0.18739
0 0.809535 0.68246 0.0276436 0.149513
0 0.217091 0.565857 0.0244121 0.0544634
0 0.741424 0.903597 0.0310445 0.192806
0 0.33459 0.925783 0.0515114 0.148435
0 0.962065 0.723644 0.0291258 0.161447
26 0.683427 0.757776 0.0211932 0.0525191
0 0.590399 0.729518 0.0309866 0.1388
0 0.923055 0.656346 0.0233276 0.110433
