0 0.662463 0.816956 0.0437214 0.18701
6 0.409175 0.642745 0.79795 0.693587
0 0.890811 0.734446 0.0355385 0.170894
0 0.879142 0.919343 0.0495823 0.161314
0 0.590469 0.856638 0.0532695 0.199587
0 0.673779 0.656753 0.027953 0.137901
0 0.355361 0.931734 0.0439871 0.136532
0 0.97853 0.781314 0.0416693 0.184775
0 0.616042 0.737818 0.0263424 0.130657
0 0.508226 0.753404 0.0286293 0.135957
0 0.847042 0.687684 0.032848 0.163895
24 0.966799 0.759572 0.021822 0.0588325
0 0.972651 0.790845 0.0348492 0.172705
0 0.125518 0.599481 0.0340171 0.070067
0 0.0246005 0.636263 0.036041 0.0990401
0 0.535009 0.759363 0.030598 0.151632
0 0.805544 0.968536 0.0348927 0.0629279
