0 0.628141 0.891852 0.0599171 0.216296
0 0.88749 0.863633 0.0473331 0.233341
0 0.722367 0.66349 0.0381388 0.139972
6 0.426707 0.62376 0.813366 0.734038
0 0.816208 0.814378 0.0484814 0.184104
0 0.821009 0.92529 0.0418409 0.145794
0 0.856471 0.68814 0.0374588 0.150738
0 0.0330129 0.672394 0.036266 0.0652715
0 0.235401 0.567422 0.0205457 0.0451058
0 0.205287 0.562218 0.02162 0.0806315
26 0.601527 0.90329 0.022283 0.118527
0 0.547915 0.762005 0.0317054 0.156751
0 0.966228 0.952924 0.0666149 0.0941521
0 0.968169 0.881665 0.0626709 0.138935
0 0.902058 0.590725 0.0238293 0.121206
28 0.740668 0.70287 0.020013 0.0520735
