0 0.914128 0.863873 0.0465279 0.214073
0 0.607566 0.911185 0.0359047 0.177631
0 0.699129 0.765243 0.0369089 0.185733
0 0.411001 0.927485 0.0348867 0.14503
0 0.896469 0.727149 0.0414467 0.205926
0 0.562467 0.845995 0.0430626 0.212443
0 0.977998 0.914399 0.0434399 0.171201
6 0.45068 0.640908 0.870373 0.718185
0 0.835243 0.824143 0.0347969 0.187944
0 0.281664 0.917858 0.0398048 0.163609
0 0.438577 0.965454 0.0287373 0.0681023
0 0.0308922 0.671857 0.0273009 0.0579217
0 0.508321 0.903941 0.0529876 0.192118
24 0.959096 0.923759 0.0298225 0.0778876
26 0.958278 0.925881 0.0288502 0.0748515
0 0.856172 0.634221 0.0253952 0.125636
0 0.722252 0.580845 0.0275208 0.130382
0 0.623999 0.708028 0.0295179 0.157454
0 0.229348 0.573565 0.0234511 0.0446101
0 0.758807 0.59459 0.0271898 0.135293
