0 0.827266 0.895931 0.041235 0.203946
0 0.612608 0.717359 0.0339203 0.189379
0 0.901219 0.816181 0.0434612 0.215057
0 0.430295 0.904881 0.0466557 0.190238
0 0.66176 0.841531 0.056213 0.218803
0 0.820783 0.766636 0.0406305 0.1541
0 0.854244 0.667476 0.0312717 0.140853
0 0.56491 0.779557 0.0411036 0.152853
0 0.949148 0.921576 0.0599232 0.156848
0 0.738425 0.642668 0.0275608 0.135044
0 0.474519 0.767114 0.0347353 0.197607
6 0.421444 0.630254 0.832563 0.719734
26 0.635915 0.861967 0.0235394 0.0616245
0 0.339061 0.950234 0.0607858 0.0995326
0 0.961019 0.825349 0.0336306 0.111211
0 0.278081 0.906171 0.0303838 0.130288
0 0.0391437 0.67433 0.0320775 0.0606735
0 0.234587 0.571134 0.021574 0.0533941
0 0.138972 0.618072 0.0345761 0.0673577
0 0.170912 0.584465 0.0269749 0.0890776
