0 0.828774 0.869284 0.0391125 0.206364
0 0.931438 0.90249 0.0523615 0.19502
0 0.372105 0.954835 0.0454566 0.0903308
0 0.67311 0.809526 0.0384075 0.198467
0 0.822056 0.748312 0.0380138 0.155912
0 0.907834 0.787128 0.0410316 0.19777
0 0.471098 0.885067 0.041807 0.204788
0 0.854207 0.651435 0.0279318 0.126513
0 0.975832 0.947567 0.0444233 0.104866
0 0.500791 0.777396 0.0444471 0.168525
0 0.604898 0.764495 0.0282814 0.133131
0 0.641043 0.704575 0.0316842 0.173332
0 0.200956 0.560747 0.0218001 0.0930269
0 0.582709 0.728431 0.0294495 0.160823
26 0.652161 0.835738 0.0190334 0.0601006
0 0.413536 0.919363 0.0336529 0.161273
0 0.294092 0.931078 0.0355362 0.137843
0 0.74753 0.626688 0.0289879 0.128176
0 0.521998 0.934307 0.0261185 0.131386
0 0.233042 0.573628 0.0216501 0.0503551
0 0.952829 0.811559 0.035841 0.130287
0 0.138288 0.615601 0.0305202 0.0630217
0 0.0379491 0.673135 0.0315603 0.0584724
