0 0.637925 0.866263 0.0388624 0.22625
0 0.728971 0.652484 0.0285399 0.143008
0 0.892659 0.832781 0.0447773 0.220507
0 0.815798 0.91067 0.0489048 0.178661
0 0.817521 0.785201 0.0420244 0.157554
0 0.955379 0.933054 0.0609318 0.133892
0 0.85778 0.674538 0.0317757 0.140824
6 0.352329 0.669616 0.704658 0.631427
0 0.636855 0.612838 0.0291296 0.145546
0 0.29116 0.924655 0.0532416 0.150097
0 0.379584 0.915337 0.0519156 0.169326
0 0.579779 0.72143 0.0341538 0.203601
0 0.0378104 0.674443 0.0328079 0.0614136
26 0.614442 0.876527 0.0203938 0.106318
0 0.905148 0.591982 0.025116 0.119641
0 0.233916 0.524189 0.0205416 0.0704651
24 0.366699 0.909222 0.0219286 0.0789847
26 0.61439 0.899301 0.0212994 0.0726305
0 0.966614 0.851132 0.0433489 0.132827
0 0.412302 0.965023 0.0363867 0.0699536
0 0.189993 0.571731 0.0261252 0.0883118
