6 0.417488 0.627827 0.826621 0.721227
0 0.903045 0.796752 0.045237 0.190185
0 0.551726 0.902128 0.0464344 0.195745
0 0.515752 0.957713 0.0506262 0.0845747
0 0.109976 0.599289 0.0258678 0.105591
0 0.893688 0.675051 0.0391766 0.16621
0 0.845056 0.761015 0.0323137 0.167026
0 0.503329 0.771384 0.0315822 0.162825
0 0.0465319 0.603572 0.0314591 0.13143
0 0.592273 0.837546 0.0340171 0.195893
0 0.0748264 0.617163 0.0294548 0.10756
0 0.652126 0.905955 0.0403873 0.188091
0 0.227038 0.573548 0.0215775 0.0453397
0 0.720248 0.704126 0.0338214 0.164463
26 0.976813 0.831305 0.026104 0.0821409
0 0.862519 0.594554 0.0229031 0.099812
0 0.659201 0.902332 0.0256777 0.167745
