6 0.399518 0.648633 0.795527 0.696292
0 0.875998 0.85006 0.0453037 0.196117
0 0.700273 0.769521 0.0317067 0.179019
0 0.367922 0.922499 0.0601039 0.15392
0 0.883359 0.671496 0.0350389 0.171194
0 0.478471 0.857442 0.034807 0.175065
0 0.543673 0.932086 0.0360226 0.135828
0 0.216193 0.563418 0.0249332 0.048037
0 0.623927 0.756118 0.0327192 0.149257
0 0.659568 0.763279 0.0330507 0.141729
0 0.842637 0.701917 0.0268927 0.138602
0 0.786556 0.879325 0.0557581 0.157303
0 0.120232 0.595956 0.0339004 0.0686596
0 0.918742 0.643829 0.0257816 0.114314
0 0.602064 0.715897 0.030793 0.130965
26 0.767076 0.871039 0.023555 0.0686649
0 0.78453 0.967553 0.0515255 0.0648944
