0 0.708978 0.78819 0.0393278 0.174595
0 0.885088 0.90058 0.0433416 0.198662
0 0.658789 0.892802 0.0406395 0.204044
0 0.886676 0.706232 0.0353115 0.166492
0 0.404425 0.920722 0.0465664 0.158384
0 0.972383 0.753827 0.0354454 0.177515
0 0.561656 0.74585 0.032981 0.142924
0 0.545821 0.929429 0.0364128 0.139878
6 0.404131 0.651347 0.789993 0.697307
0 0.609236 0.790994 0.0460467 0.182739
0 0.804418 0.743035 0.0368134 0.139479
0 0.27845 0.930231 0.040947 0.139539
0 0.689429 0.64305 0.0253909 0.141296
0 0.219063 0.570618 0.0228521 0.0405056
0 0.538293 0.733318 0.0239146 0.146987
0 0.789013 0.702677 0.0254574 0.147801
0 0.933823 0.672024 0.0293266 0.128269
