0 0.929843 0.900069 0.0541946 0.199862
0 0.677141 0.805857 0.0409229 0.202852
0 0.83234 0.866088 0.0391602 0.199991
0 0.477692 0.87349 0.0391978 0.203888
0 0.1966 0.563063 0.0211113 0.0985174
0 0.379449 0.956654 0.0428351 0.0866923
0 0.910375 0.778345 0.0392393 0.189946
0 0.821717 0.748908 0.035951 0.15994
0 0.855485 0.647702 0.0291805 0.132445
6 0.429866 0.647887 0.834229 0.692235
0 0.61251 0.763469 0.0302988 0.137675
0 0.504441 0.787934 0.037777 0.1816
0 0.421495 0.921529 0.0510841 0.156941
0 0.97884 0.944143 0.0407051 0.111713
0 0.302009 0.932548 0.0448256 0.134905
0 0.586853 0.724557 0.0348959 0.157636
6 0.341126 0.684203 0.679367 0.609983
0 0.232808 0.574565 0.0206086 0.0471631
0 0.534965 0.931794 0.0295473 0.136413
0 0.950998 0.807844 0.033852 0.13684
26 0.656787 0.82686 0.0192629 0.0648029
26 0.554591 0.957146 0.0203072 0.0791724
