0 0.876368 0.851754 0.0444386 0.193088
6 0.394959 0.649756 0.788526 0.693605
0 0.7737 0.903775 0.0590715 0.19245
0 0.883457 0.679175 0.0353405 0.181113
0 0.468881 0.875207 0.0421826 0.196747
0 0.842105 0.704365 0.0265831 0.14508
0 0.21615 0.562204 0.0255757 0.0481926
0 0.544054 0.932791 0.037331 0.134417
0 0.359595 0.92898 0.0577329 0.141654
0 0.622625 0.756507 0.0314848 0.148998
0 0.638237 0.957254 0.0508951 0.0854911
0 0.688024 0.7747 0.0273169 0.173819
0 0.52296 0.903547 0.0479042 0.192906
0 0.96104 0.706166 0.0274651 0.154091
0 0.920613 0.644792 0.0260452 0.110577
0 0.81326 0.666041 0.0264133 0.132864
