6 0.335688 0.683612 0.671376 0.607214
0 0.895415 0.761993 0.0384827 0.184707
0 0.602646 0.852074 0.0397326 0.20959
0 0.0799831 0.60344 0.0270987 0.0944726
0 0.88187 0.94586 0.0564407 0.106976
0 0.840306 0.718522 0.0378448 0.161433
0 0.722191 0.924237 0.0517725 0.151526
0 0.541599 0.808444 0.0420518 0.207838
0 0.537084 0.93979 0.0407367 0.120421
6 0.412558 0.634712 0.804195 0.688946
0 0.702601 0.771125 0.0429617 0.194769
0 0.29416 0.918121 0.0572552 0.163759
0 0.97996 0.814577 0.0395571 0.190336
0 0.127184 0.598085 0.0332734 0.0675492
0 0.496856 0.767236 0.0314124 0.181009
0 0.222917 0.563071 0.0216126 0.053097
24 0.9713 0.786714 0.0248039 0.0699405
0 0.466616 0.73149 0.0304209 0.165862
0 0.396423 0.952055 0.0375414 0.0920016
0 0.726057 0.666085 0.0309952 0.160071
