0 0.897732 0.780526 0.0428555 0.182953
6 0.422738 0.637104 0.844056 0.703063
0 0.723296 0.681928 0.0344625 0.156289
26 0.973999 0.805526 0.0284992 0.079816
0 0.574912 0.874913 0.0393669 0.20929
0 0.5244 0.945922 0.0481256 0.108155
0 0.600303 0.801636 0.0335241 0.169508
0 0.878194 0.962617 0.045426 0.0747663
0 0.683418 0.911777 0.0419792 0.176445
0 0.98002 0.838023 0.0394482 0.212309
0 0.890754 0.662558 0.0395332 0.159894
0 0.838634 0.736529 0.0320686 0.161885
0 0.535531 0.789736 0.03174 0.201992
0 0.660935 0.748318 0.0307172 0.156999
0 0.510577 0.761504 0.030291 0.161533
0 0.364018 0.951964 0.0407034 0.0924262
0 0.0978444 0.604261 0.0261852 0.0988776
0 0.962427 0.714469 0.0319412 0.195043
0 0.0625068 0.621928 0.0286197 0.0939657
0 0.643183 0.706014 0.026441 0.160258
0 0.0373223 0.594863 0.0277504 0.122395
0 0.223759 0.56532 0.0214827 0.0491838
26 0.942539 0.727452 0.019891 0.0580824
0 0.332616 0.937554 0.0440274 0.122525
0 0.280681 0.908743 0.0333592 0.18069
0 0.474512 0.756833 0.0279381 0.146672
