0 0.6337 0.884688 0.0632414 0.229412
0 0.888133 0.845661 0.0444801 0.218587
0 0.558553 0.7474 0.0354776 0.182271
0 0.96535 0.941483 0.0662449 0.117033
0 0.724774 0.662028 0.0336779 0.144615
0 0.817343 0.797771 0.0467571 0.170236
0 0.856135 0.681029 0.0350246 0.150106
6 0.353326 0.671818 0.705681 0.635367
0 0.198069 0.565153 0.0214389 0.0844473
0 0.621228 0.629277 0.0215187 0.123174
0 0.901956 0.588666 0.0234028 0.116315
26 0.608551 0.925918 0.0231291 0.0744588
26 0.607848 0.899446 0.0234152 0.122422
0 0.0350222 0.672778 0.032696 0.0625977
0 0.240856 0.529131 0.0208945 0.104539
0 0.279907 0.93161 0.0427489 0.136779
0 0.507874 0.749132 0.0332061 0.179765
0 0.89962 0.725742 0.0540264 0.109381
0 0.963837 0.873612 0.0608753 0.143697
0 0.512019 0.746185 0.0239054 0.173166
0 0.342687 0.932351 0.0286736 0.13391
