0 0.631713 0.886745 0.0668441 0.223006
0 0.724897 0.663575 0.0321236 0.146461
0 0.966321 0.943233 0.0671665 0.113535
6 0.349627 0.674313 0.677203 0.62977
0 0.817015 0.79928 0.0462648 0.166351
0 0.856056 0.682029 0.0347961 0.148712
0 0.887767 0.86103 0.0436171 0.239998
26 0.606792 0.917621 0.0256226 0.0910091
0 0.243666 0.530448 0.0202695 0.101667
0 0.820406 0.919113 0.0480599 0.160333
0 0.901391 0.590702 0.0238327 0.116458
0 0.199379 0.564314 0.0242431 0.0927743
0 0.557535 0.747189 0.0271441 0.181607
26 0.606387 0.930674 0.02526 0.0687617
0 0.965656 0.879787 0.0642851 0.155675
0 0.901302 0.730324 0.051305 0.116311
0 0.824495 0.915278 0.0383549 0.139953
0 0.370807 0.965053 0.033942 0.0698939
0 0.0349975 0.672336 0.0332438 0.0642841
