0 0.90258 0.82131 0.0457596 0.19722
6 0.427744 0.640503 0.849083 0.713115
0 0.653684 0.865562 0.0309622 0.191845
0 0.891072 0.692018 0.0399694 0.175518
26 0.972417 0.858752 0.0294127 0.0832384
0 0.839917 0.779903 0.0344276 0.172636
0 0.713631 0.722441 0.0357132 0.174602
0 0.981078 0.890977 0.0371321 0.215774
0 0.568378 0.858654 0.0529581 0.192847
0 0.226486 0.57506 0.0211345 0.0460718
0 0.973679 0.761868 0.0314739 0.153617
0 0.618167 0.888608 0.0359642 0.198136
0 0.0889582 0.613477 0.0269591 0.10206
0 0.930438 0.743838 0.0320232 0.125971
0 0.49753 0.96467 0.0323687 0.0706599
0 0.0593512 0.603699 0.0312875 0.127329
0 0.62633 0.725338 0.035453 0.158303
0 0.286231 0.944743 0.0524179 0.109816
