0 0.894928 0.747906 0.0401855 0.179052
0 0.876951 0.937343 0.0519396 0.121864
6 0.347277 0.677275 0.684796 0.618074
0 0.620182 0.846311 0.0390141 0.210583
0 0.755238 0.937218 0.0780432 0.125189
0 0.548954 0.938319 0.0489905 0.123361
0 0.837402 0.703768 0.0319992 0.155681
0 0.553511 0.807212 0.0331129 0.187144
0 0.38509 0.92559 0.0344214 0.148141
0 0.0659449 0.614425 0.0288999 0.0928764
0 0.127086 0.59687 0.0331985 0.0668411
0 0.703846 0.721838 0.0304618 0.153143
0 0.979842 0.805309 0.0392517 0.187324
0 0.515731 0.774237 0.0348532 0.175997
6 0.431797 0.632508 0.808905 0.694962
0 0.30522 0.919868 0.0496404 0.160264
0 0.728379 0.658161 0.0299526 0.15181
0 0.47476 0.734679 0.0330442 0.160383
0 0.222289 0.559504 0.0203408 0.0499678
0 0.423478 0.954265 0.0353407 0.0878652
