0 0.925276 0.890345 0.0511684 0.21745
0 0.69367 0.790008 0.0544582 0.204605
0 0.412203 0.956588 0.0463258 0.0868245
0 0.530955 0.810754 0.0423035 0.204486
0 0.853638 0.63683 0.0251148 0.124087
6 0.340822 0.674152 0.676935 0.62411
0 0.838952 0.848947 0.037565 0.203989
0 0.494801 0.853592 0.049146 0.181929
0 0.632752 0.750231 0.0247673 0.127974
0 0.828624 0.72875 0.0362549 0.138868
0 0.180675 0.564213 0.0233644 0.0869158
0 0.752686 0.611702 0.0250654 0.124537
0 0.704818 0.588059 0.0259521 0.128386
0 0.230676 0.571018 0.0246385 0.0451843
0 0.978473 0.929546 0.0420723 0.140908
26 0.953365 0.943708 0.0314369 0.100901
0 0.912282 0.741538 0.0297043 0.13852
0 0.904272 0.726722 0.0479206 0.196663
0 0.470981 0.911197 0.0443933 0.177605
0 0.0900692 0.587018 0.0305097 0.107464
