6 0.414766 0.646402 0.791485 0.703152
0 0.89168 0.727747 0.0387087 0.165193
0 0.596258 0.862168 0.0551554 0.201655
0 0.667653 0.811926 0.0423115 0.184188
0 0.88054 0.916377 0.0495953 0.167246
24 0.964864 0.747193 0.0233629 0.0640866
0 0.548633 0.934452 0.0306704 0.131097
0 0.978364 0.772657 0.0421158 0.179249
0 0.846265 0.686508 0.030011 0.148452
0 0.620632 0.722061 0.0287476 0.14266
0 0.368874 0.936209 0.0373844 0.127583
0 0.677301 0.647977 0.0267075 0.141674
0 0.540395 0.754584 0.0276922 0.140744
0 0.12597 0.605648 0.034726 0.0736166
0 0.439303 0.927563 0.0315591 0.144873
0 0.514053 0.749954 0.0290527 0.139029
0 0.49466 0.960515 0.0320023 0.0789708
0 0.941546 0.686183 0.0279648 0.135647
0 0.809417 0.975944 0.0500471 0.0481127
0 0.422414 0.924167 0.0643688 0.151666
