6 0.413177 0.644472 0.792781 0.707984
0 0.678559 0.803728 0.0439272 0.18122
0 0.877446 0.912664 0.0539707 0.174673
0 0.54834 0.93246 0.0331043 0.13508
0 0.891924 0.722815 0.0372215 0.160824
0 0.609926 0.866015 0.0428341 0.200556
0 0.97617 0.771989 0.0456509 0.179597
0 0.377731 0.93571 0.0334772 0.128581
0 0.777893 0.749969 0.0324191 0.148262
0 0.545304 0.754719 0.0310588 0.155067
0 0.679751 0.650465 0.0277061 0.139715
0 0.52181 0.732286 0.0275108 0.172702
0 0.44697 0.922998 0.0352232 0.154005
0 0.126328 0.603575 0.0365278 0.069652
0 0.846488 0.681202 0.0310093 0.151898
0 0.880741 0.934885 0.0451712 0.13023
0 0.626225 0.718922 0.0266575 0.145402
0 0.00940335 0.632356 0.0188067 0.118609
