0 0.82606 0.896499 0.0425339 0.201733
0 0.427788 0.905486 0.048254 0.189029
0 0.900868 0.817995 0.0451282 0.208262
0 0.6626 0.84392 0.0592562 0.213678
0 0.611114 0.717508 0.0334679 0.188898
0 0.820978 0.767677 0.0415802 0.153212
0 0.737743 0.642957 0.0300217 0.138824
26 0.635126 0.863036 0.0245843 0.0630822
0 0.475997 0.768215 0.03771 0.204173
6 0.453745 0.635481 0.893659 0.71315
0 0.854454 0.668185 0.0300915 0.141866
0 0.949265 0.922944 0.059293 0.154112
0 0.329616 0.952357 0.0456189 0.0952854
0 0.278242 0.90588 0.0301898 0.13051
0 0.220949 0.551865 0.019626 0.0920471
0 0.557847 0.782284 0.0376677 0.147681
0 0.039119 0.674384 0.0319461 0.0608945
0 0.234938 0.570943 0.0203367 0.0528159
