6 0.407021 0.640212 0.805524 0.690201
0 0.902572 0.791359 0.0442711 0.18796
0 0.520032 0.954574 0.0517463 0.0905645
0 0.560469 0.896184 0.0460567 0.204388
0 0.841162 0.745749 0.0354298 0.16542
0 0.66258 0.901734 0.0404945 0.196532
0 0.59386 0.817619 0.0345615 0.179657
0 0.721321 0.692989 0.039035 0.164366
0 0.531893 0.792082 0.0312412 0.189903
26 0.975879 0.832765 0.0255087 0.0672231
0 0.104751 0.600995 0.0273099 0.0993161
0 0.0707572 0.613437 0.028873 0.107373
0 0.644312 0.747415 0.0316237 0.180185
0 0.507565 0.767689 0.0301004 0.156517
24 0.976693 0.82929 0.0280491 0.0806522
0 0.226347 0.569697 0.0220817 0.0459989
0 0.0431828 0.600751 0.0317478 0.125765
0 0.925897 0.715584 0.0307497 0.107016
0 0.990407 0.865246 0.0185661 0.223101
0 0.894285 0.66139 0.04062 0.146947
0 0.678566 0.782583 0.0283834 0.104322
