0 0.692634 0.774397 0.0489731 0.191934
0 0.923667 0.888962 0.0503616 0.216587
0 0.836854 0.841795 0.0332138 0.19913
6 0.436985 0.63287 0.815446 0.706797
0 0.537874 0.814118 0.0368639 0.205413
0 0.279587 0.909271 0.0485474 0.179828
0 0.853818 0.635928 0.0249609 0.123465
0 0.583317 0.919531 0.0454424 0.160939
0 0.827982 0.718234 0.0326382 0.125656
0 0.977528 0.925141 0.0438316 0.144208
0 0.230042 0.572638 0.0245648 0.0462706
0 0.480714 0.902694 0.0381193 0.194611
0 0.50219 0.846169 0.0339933 0.191258
26 0.954471 0.93839 0.0292562 0.0907187
0 0.752835 0.605725 0.0287708 0.13996
0 0.894076 0.575743 0.0207348 0.10517
0 0.903542 0.724074 0.0486549 0.185095
0 0.636347 0.74587 0.0327368 0.133279
6 0.341975 0.672999 0.679232 0.625796
0 0.37684 0.930051 0.0508846 0.139899
