0 0.833293 0.856076 0.0370171 0.197801
0 0.928447 0.898427 0.0533852 0.203145
0 0.687216 0.79254 0.044335 0.195939
0 0.393095 0.954938 0.0408682 0.0901232
0 0.320293 0.93308 0.0462457 0.133028
0 0.483063 0.871233 0.0423067 0.196275
26 0.662609 0.819795 0.0194485 0.0518187
0 0.913684 0.76459 0.0372108 0.172847
0 0.855371 0.643267 0.0253386 0.130299
0 0.511031 0.800495 0.0375991 0.198249
0 0.824659 0.737381 0.0402695 0.151882
0 0.616795 0.75446 0.0377469 0.156265
0 0.191004 0.562744 0.0227371 0.0962316
0 0.592941 0.721295 0.0323973 0.170009
0 0.980065 0.936305 0.0393139 0.127391
0 0.750908 0.621322 0.0238533 0.134414
0 0.231582 0.572494 0.0237633 0.0460634
26 0.817459 0.835872 0.0157484 0.0517571
0 0.434412 0.916083 0.0456985 0.167834
6 0.344043 0.679444 0.681538 0.614195
0 0.541546 0.751713 0.0315427 0.179579
0 0.54064 0.78376 0.0330616 0.243059
6 0.433102 0.645734 0.805951 0.701912
