0 0.617248 0.721826 0.0326427 0.175641
0 0.829489 0.894943 0.0469719 0.207967
0 0.666658 0.841137 0.0570957 0.218582
0 0.900458 0.809689 0.0413549 0.20031
0 0.569847 0.779361 0.0490627 0.153955
0 0.477427 0.774503 0.0401437 0.19984
0 0.438047 0.909285 0.0468533 0.181429
0 0.946059 0.918938 0.0571053 0.162124
0 0.819613 0.77312 0.0425751 0.170067
0 0.853393 0.666141 0.0308189 0.137389
0 0.740968 0.641996 0.0292833 0.132976
26 0.639443 0.860686 0.021896 0.0643858
0 0.95352 0.816759 0.0439188 0.112508
24 0.63864 0.863092 0.0223475 0.0647451
0 0.506084 0.759838 0.0358274 0.193046
0 0.346592 0.949001 0.0625724 0.101998
0 0.0392835 0.674063 0.0318747 0.0608017
0 0.140313 0.617756 0.0320743 0.0677399
0 0.218352 0.554946 0.0207904 0.0889226
6 0.350113 0.686351 0.700226 0.593189
