24 0.967354 0.765416 0.0220009 0.0600325
0 0.638251 0.825906 0.0498695 0.199659
0 0.890047 0.736424 0.0387249 0.169924
6 0.409023 0.643068 0.795067 0.698253
0 0.614661 0.745075 0.032528 0.161686
0 0.978162 0.788064 0.0427053 0.190866
0 0.875271 0.925183 0.0505245 0.145634
0 0.84368 0.696162 0.0294376 0.146999
0 0.778918 0.954507 0.0769718 0.0909861
0 0.0445582 0.626574 0.0282051 0.0854904
0 0.670048 0.667575 0.0271593 0.153529
0 0.573853 0.841335 0.0339634 0.197313
0 0.550173 0.932117 0.0325714 0.135766
0 0.127107 0.599253 0.0343997 0.0693359
0 0.533613 0.778267 0.0387394 0.188725
0 0.726688 0.705264 0.0327623 0.137257
0 0.500204 0.729571 0.025493 0.163338
0 0.728976 0.676093 0.0374693 0.190557
