0 0.886742 0.710091 0.0355827 0.167927
0 0.883316 0.902966 0.0439579 0.194068
0 0.688346 0.797208 0.0462708 0.173965
6 0.408112 0.651 0.794992 0.696762
0 0.547183 0.929794 0.036166 0.140413
0 0.634086 0.889666 0.0543837 0.206131
0 0.973244 0.757537 0.0380558 0.178108
0 0.395404 0.932249 0.0462614 0.135503
0 0.600334 0.787163 0.034522 0.18814
0 0.554885 0.755683 0.0360764 0.149027
0 0.532116 0.73386 0.0323086 0.16151
0 0.68551 0.648808 0.0309072 0.150464
0 0.269083 0.912002 0.0582152 0.172381
0 0.935762 0.672441 0.0276608 0.130838
0 0.796409 0.733308 0.0292147 0.167578
0 0.515832 0.960973 0.0325308 0.0780541
0 0.469889 0.932691 0.0322304 0.132703
