0 0.926129 0.892477 0.0502956 0.213718
0 0.409234 0.956371 0.0467905 0.0871561
0 0.692032 0.788636 0.0502954 0.199551
0 0.493497 0.858804 0.0442462 0.194844
0 0.83848 0.849232 0.0364323 0.205213
0 0.826905 0.728751 0.0317581 0.138696
0 0.853719 0.63765 0.024419 0.122378
0 0.526331 0.812715 0.0418905 0.20011
0 0.460721 0.915256 0.0343264 0.168736
26 0.952926 0.946199 0.0324644 0.100439
0 0.628983 0.749565 0.0288582 0.124777
0 0.978081 0.931903 0.0428343 0.136194
0 0.347896 0.930693 0.036825 0.138614
0 0.230645 0.572445 0.0238727 0.0450813
6 0.343162 0.676366 0.678913 0.617894
26 0.669727 0.815593 0.0185691 0.0549344
0 0.702572 0.58586 0.0286808 0.135904
0 0.18311 0.565042 0.0213404 0.0844291
0 0.903856 0.726488 0.0491413 0.185785
0 0.278292 0.908273 0.0433226 0.175813
0 0.75184 0.613788 0.0250482 0.122767
0 0.911848 0.751564 0.0312187 0.160566
6 0.438488 0.638958 0.759668 0.685513
