0 0.771865 0.903591 0.0587643 0.192817
0 0.876593 0.85301 0.0442345 0.194199
6 0.398762 0.648847 0.797187 0.693398
0 0.882529 0.685745 0.0354416 0.179741
0 0.467241 0.870697 0.0397461 0.19386
0 0.544249 0.933194 0.0370079 0.133613
0 0.841512 0.706503 0.0268278 0.139672
0 0.216098 0.56269 0.0252206 0.0479957
0 0.622063 0.762989 0.0297361 0.135831
0 0.357348 0.930908 0.0552514 0.136602
0 0.637178 0.958414 0.0511907 0.083172
0 0.521536 0.903295 0.045545 0.193409
0 0.813021 0.667375 0.0253841 0.133449
0 0.688182 0.773542 0.0259342 0.169867
0 0.920869 0.645106 0.0240883 0.108762
