0 0.655381 0.820286 0.0401489 0.186636
6 0.412297 0.641168 0.795101 0.691338
0 0.890022 0.733273 0.0368774 0.169677
0 0.583242 0.850153 0.04583 0.200427
0 0.878358 0.922103 0.0502499 0.155794
24 0.96716 0.761178 0.0209095 0.0610365
0 0.126208 0.601461 0.0342047 0.0729645
0 0.672611 0.659193 0.0278952 0.142612
0 0.978116 0.7839 0.041329 0.188685
0 0.505344 0.746428 0.0280905 0.151098
0 0.615933 0.735244 0.0284714 0.139053
0 0.846382 0.693509 0.0333006 0.155658
0 0.0278674 0.634548 0.0370962 0.0936968
0 0.550742 0.931268 0.0294369 0.137463
0 0.915494 0.685458 0.0308346 0.16622
0 0.358498 0.928114 0.0605015 0.143772
0 0.9721 0.791529 0.0320755 0.177132
0 0.0116458 0.615408 0.0231398 0.15576
0 0.530596 0.759414 0.0286534 0.149534
