0 0.900861 0.784035 0.042659 0.185368
6 0.337641 0.683649 0.67239 0.60756
0 0.523795 0.948525 0.0525846 0.10295
0 0.671584 0.905762 0.0480018 0.188475
0 0.570856 0.880972 0.0434973 0.203583
0 0.596544 0.810945 0.0360788 0.179867
0 0.881371 0.968859 0.0372278 0.0622811
0 0.533018 0.791136 0.0279474 0.196539
0 0.101916 0.602393 0.0254947 0.0951248
0 0.840089 0.739006 0.0311424 0.16165
26 0.974712 0.821055 0.0266376 0.0723921
0 0.506268 0.76543 0.0353965 0.159742
0 0.722543 0.683281 0.0281219 0.160422
24 0.9756 0.819112 0.0269436 0.0777707
0 0.651742 0.749803 0.0339972 0.169304
0 0.890753 0.663624 0.0370613 0.152532
0 0.982238 0.84971 0.03493 0.210356
0 0.925622 0.708259 0.0289959 0.11242
0 0.969591 0.735924 0.0250103 0.151438
0 0.324256 0.93932 0.0417333 0.121361
0 0.225323 0.57092 0.0213022 0.052135
0 0.276745 0.912901 0.0328085 0.171451
0 0.357944 0.951853 0.0390168 0.0901167
