24 0.967003 0.766868 0.0220579 0.0607993
0 0.890926 0.737016 0.0386139 0.170646
0 0.637738 0.822126 0.0501137 0.20023
6 0.405279 0.637292 0.799288 0.690084
0 0.875268 0.925756 0.0509499 0.145537
0 0.841996 0.69808 0.0302528 0.147265
0 0.6131 0.741703 0.0336319 0.162034
0 0.778035 0.949759 0.0761381 0.100483
0 0.97831 0.788824 0.0424412 0.190895
0 0.0484162 0.623553 0.029611 0.0909058
0 0.531177 0.775218 0.037986 0.189838
0 0.550905 0.928171 0.0360645 0.143657
0 0.570138 0.836892 0.0298696 0.195333
0 0.12685 0.597773 0.0351952 0.0670483
0 0.406718 0.927343 0.0332294 0.145315
0 0.668167 0.66509 0.0241961 0.150955
0 0.724965 0.709131 0.0321125 0.141891
0 0.221925 0.562474 0.0213179 0.0473401
0 0.0244207 0.630172 0.0270783 0.10834
0 0.453684 0.955462 0.0301036 0.0837212
0 0.91513 0.693403 0.0319342 0.15257
