0 0.911042 0.862767 0.0503029 0.215216
0 0.710034 0.75164 0.0425609 0.184649
0 0.575802 0.856193 0.0435886 0.213555
0 0.620597 0.90248 0.0349449 0.195039
0 0.896009 0.713372 0.0418215 0.180072
6 0.402058 0.647571 0.796034 0.701735
0 0.840127 0.802704 0.0352594 0.187122
0 0.531549 0.88684 0.0407738 0.22239
26 0.964387 0.90242 0.0308195 0.0909166
0 0.28646 0.914044 0.040523 0.171912
26 0.964157 0.914099 0.0295204 0.0622231
0 0.983684 0.788918 0.0307056 0.135155
0 0.228137 0.574103 0.0239521 0.0452766
0 0.983527 0.908312 0.0323975 0.183376
0 0.445999 0.925658 0.0373432 0.147245
0 0.502863 0.763488 0.035893 0.155047
0 0.0304992 0.671831 0.0281234 0.0599029
0 0.836609 0.695682 0.0377089 0.111051
0 0.627077 0.696782 0.033398 0.157464
