0 0.912124 0.858208 0.0484921 0.216474
0 0.51409 0.889604 0.0526246 0.220116
0 0.702869 0.7555 0.0403233 0.181566
0 0.613085 0.906149 0.0386726 0.187702
0 0.567412 0.838963 0.0441768 0.226701
6 0.411602 0.647154 0.80877 0.704105
0 0.895803 0.714749 0.0426113 0.184985
0 0.983098 0.913099 0.0332848 0.173801
0 0.42616 0.930895 0.032878 0.138152
0 0.837609 0.817223 0.0353424 0.193531
0 0.726406 0.580775 0.0246279 0.126914
0 0.983802 0.789938 0.0314022 0.142489
0 0.228854 0.574128 0.0237826 0.0451586
0 0.28944 0.923987 0.0293327 0.152025
0 0.856295 0.62868 0.027874 0.120234
0 0.495793 0.764294 0.0263025 0.156891
0 0.987251 0.669281 0.024707 0.142727
26 0.961736 0.926946 0.0295677 0.0654938
26 0.961257 0.909896 0.030617 0.0955041
0 0.626334 0.708851 0.0308983 0.160995
0 0.111037 0.600158 0.022703 0.0943137
0 0.894136 0.579433 0.0218304 0.105282
