6 0.3985 0.644175 0.791614 0.688739
0 0.881172 0.698848 0.0366165 0.158212
0 0.451729 0.899814 0.0464303 0.195856
0 0.833887 0.714379 0.0284069 0.148886
0 0.877246 0.872023 0.0498623 0.196621
0 0.723122 0.909739 0.059222 0.180522
0 0.499963 0.917898 0.0452666 0.164205
0 0.330135 0.928874 0.0505046 0.142252
0 0.65256 0.779559 0.0368137 0.178245
0 0.619851 0.75683 0.0317015 0.147351
0 0.96144 0.727304 0.0340345 0.164508
0 0.924542 0.655053 0.0256672 0.116823
0 0.546152 0.93012 0.037936 0.139694
0 0.808373 0.681891 0.028739 0.144021
0 0.701047 0.633141 0.0273737 0.142924
0 0.589354 0.732955 0.0320717 0.140881
0 0.0181876 0.655694 0.0324508 0.0594274
0 0.572797 0.709865 0.0298446 0.173471
0 0.217681 0.568422 0.023791 0.0546799
