0 0.883345 0.895536 0.0472881 0.20692
0 0.885342 0.705194 0.0373886 0.162676
0 0.677782 0.900511 0.0623566 0.198978
0 0.417695 0.916638 0.0392614 0.166725
0 0.969158 0.738735 0.0375481 0.168886
6 0.403732 0.646066 0.802729 0.698304
0 0.294934 0.919379 0.0508515 0.161242
0 0.570144 0.74358 0.0333351 0.133208
0 0.54611 0.929696 0.0348726 0.140607
0 0.819625 0.734941 0.0256779 0.154986
0 0.611067 0.750965 0.0228512 0.153019
0 0.630681 0.783666 0.0350594 0.185485
0 0.931294 0.662925 0.0279446 0.122735
0 0.799177 0.690853 0.0264902 0.13399
0 0.692687 0.643952 0.0229595 0.142446
0 0.218569 0.568974 0.0231429 0.0484512
