0 0.633534 0.883989 0.0613407 0.232021
0 0.888359 0.839829 0.0440176 0.216374
6 0.343987 0.678578 0.68616 0.623328
0 0.818019 0.79604 0.0465302 0.169843
0 0.725138 0.662563 0.0333549 0.144861
0 0.965122 0.940617 0.064226 0.118766
0 0.561256 0.749805 0.0367672 0.176595
0 0.856392 0.681045 0.0338993 0.148119
26 0.608809 0.916782 0.0235239 0.0857018
0 0.19692 0.566217 0.0220329 0.0846436
0 0.279797 0.927804 0.0446025 0.140474
0 0.902195 0.587773 0.0225275 0.112601
0 0.240797 0.53057 0.0207849 0.103801
0 0.0357506 0.672176 0.0351309 0.0618471
0 0.622677 0.632676 0.0207439 0.122281
26 0.608864 0.89607 0.0228661 0.126981
0 0.514234 0.737395 0.0273653 0.160274
0 0.506289 0.753964 0.0324259 0.182301
0 0.823333 0.917403 0.0454077 0.158714
0 0.375504 0.949936 0.0450284 0.100127
