0 0.666698 0.817524 0.0431023 0.18742
6 0.413304 0.644352 0.794281 0.702724
0 0.880117 0.917368 0.0496773 0.165264
0 0.891047 0.732024 0.036314 0.170704
0 0.593721 0.840674 0.0584463 0.24557
0 0.364263 0.9343 0.0467547 0.1314
24 0.966303 0.745569 0.0220688 0.0623681
0 0.979378 0.77626 0.0400417 0.177396
0 0.675377 0.653279 0.0292698 0.141067
0 0.618888 0.729379 0.0285666 0.14048
0 0.434423 0.92581 0.0286186 0.148381
0 0.845221 0.6945 0.0296997 0.153566
0 0.511491 0.745913 0.0290712 0.151849
0 0.807287 0.970476 0.0549841 0.0590478
0 0.0209651 0.639776 0.0325913 0.0950431
0 0.125478 0.60244 0.0345135 0.0709403
0 0.487575 0.960117 0.0332293 0.0797665
0 0.426337 0.925353 0.0472439 0.149293
0 0.539561 0.760676 0.036823 0.160197
0 0.549533 0.937181 0.029985 0.125638
0 0.814718 0.970714 0.0388128 0.0585715
0 0.967399 0.779234 0.0276941 0.169425
0 0.943265 0.689591 0.0283836 0.135582
