6 0.405728 0.645014 0.801538 0.699524
0 0.88386 0.895024 0.0466125 0.20771
0 0.884878 0.700438 0.0368839 0.160657
0 0.298977 0.924683 0.0512678 0.150634
0 0.968001 0.738813 0.0392609 0.168795
0 0.684511 0.90085 0.0596465 0.198301
0 0.420933 0.915655 0.0398361 0.168689
0 0.546696 0.929721 0.0340007 0.139952
0 0.571761 0.744176 0.0343719 0.134076
0 0.485755 0.915894 0.0444231 0.168212
0 0.633221 0.790685 0.0292019 0.172539
0 0.930072 0.663215 0.0272671 0.123366
0 0.612319 0.752416 0.0248201 0.152801
0 0.822385 0.739222 0.0264168 0.140942
0 0.494874 0.915015 0.026124 0.169413
0 0.218433 0.568895 0.0232114 0.0510452
0 0.801132 0.692324 0.0274972 0.140646
