6 0.375402 0.64466 0.73774 0.694003
0 0.775658 0.901752 0.0598568 0.195703
0 0.87668 0.852092 0.0445059 0.19373
0 0.883035 0.67667 0.0348434 0.174372
0 0.469078 0.874641 0.0417408 0.193845
0 0.842198 0.705101 0.026527 0.14244
0 0.360929 0.929234 0.059501 0.141532
0 0.216077 0.562524 0.0255547 0.0479858
0 0.543962 0.933717 0.0360865 0.132565
0 0.62289 0.756324 0.0318378 0.148817
0 0.473188 0.861401 0.0330912 0.178815
0 0.69001 0.771755 0.0302464 0.174167
0 0.960051 0.705821 0.0297024 0.156116
0 0.815048 0.664298 0.0257866 0.131787
0 0.920017 0.645214 0.0268715 0.112116
