0 0.914924 0.864764 0.0476059 0.22056
0 0.605647 0.911573 0.0363499 0.176854
0 0.697951 0.764429 0.0353833 0.186624
0 0.40828 0.928037 0.0361749 0.143926
0 0.559385 0.843449 0.0429722 0.219422
0 0.835589 0.825216 0.0340946 0.187797
0 0.976531 0.915226 0.0463802 0.169548
6 0.441604 0.643777 0.851556 0.712447
26 0.957634 0.919989 0.0290016 0.0846931
0 0.89729 0.726994 0.0403347 0.210198
0 0.64561 0.736449 0.0312122 0.128999
0 0.0311873 0.671605 0.0278602 0.0584998
6 0.346331 0.677719 0.692662 0.626635
