6 0.426746 0.628842 0.786703 0.723707
0 0.608382 0.915903 0.0686895 0.168093
0 0.879357 0.892768 0.0544979 0.214465
0 0.85437 0.705376 0.0385742 0.162779
0 0.716085 0.695082 0.0409075 0.159764
0 0.821494 0.84502 0.050329 0.178028
0 0.816984 0.9509 0.0560829 0.0982003
0 0.899519 0.590542 0.0285326 0.11781
0 0.141309 0.610084 0.0315954 0.0819119
0 0.477292 0.738706 0.0367681 0.202567
0 0.265372 0.504111 0.0207929 0.083109
0 0.823427 0.590277 0.0251717 0.120734
0 0.907878 0.811464 0.0650799 0.232629
0 0.907683 0.755734 0.0631758 0.12285
