0 0.903951 0.82466 0.0440632 0.201054
6 0.419369 0.643648 0.834919 0.709157
0 0.651528 0.870543 0.0332678 0.191357
0 0.89154 0.694005 0.0401421 0.180841
26 0.971846 0.859311 0.0310951 0.0885832
0 0.712123 0.725443 0.0369555 0.170748
0 0.979934 0.888413 0.0395966 0.223174
0 0.839798 0.784747 0.034877 0.176823
0 0.612418 0.892346 0.0375647 0.213253
0 0.22655 0.575219 0.0209766 0.0466944
0 0.975313 0.759852 0.0298086 0.143941
0 0.931766 0.745904 0.0293764 0.12085
0 0.566454 0.86448 0.049649 0.192759
26 0.692212 0.749512 0.0183967 0.0582547
0 0.604055 0.758135 0.0315109 0.137679
0 0.4946 0.962498 0.0339716 0.075004
