0 0.830328 0.869802 0.0376144 0.207802
0 0.930134 0.901538 0.0542692 0.196924
0 0.67567 0.803759 0.0363599 0.195764
0 0.373711 0.955025 0.0424671 0.0899497
0 0.90823 0.783782 0.0409893 0.196418
0 0.854168 0.651269 0.0283852 0.127587
0 0.822227 0.748453 0.0369438 0.156836
0 0.472858 0.879385 0.0402277 0.197206
0 0.501952 0.776455 0.0401606 0.160353
0 0.642357 0.708815 0.0330874 0.164175
0 0.975867 0.946544 0.0465902 0.106912
0 0.607755 0.768476 0.025876 0.131141
0 0.1998 0.563373 0.0227414 0.0968191
0 0.415501 0.923522 0.0359344 0.152957
0 0.583017 0.726049 0.0303783 0.156805
0 0.297788 0.932512 0.040051 0.134976
0 0.233118 0.578561 0.0202738 0.0537311
0 0.953041 0.810685 0.0349205 0.133974
0 0.748785 0.622706 0.026054 0.124997
0 0.037708 0.672663 0.0319114 0.0586258
