6 0.417622 0.637829 0.81433 0.706609
0 0.903683 0.809174 0.042017 0.200521
0 0.588414 0.841635 0.0379403 0.203923
0 0.844391 0.766638 0.0361866 0.165172
0 0.510905 0.958617 0.0510333 0.082766
0 0.539576 0.905563 0.038026 0.188874
0 0.892752 0.685747 0.0394657 0.171002
0 0.0785028 0.612263 0.0288181 0.107411
0 0.0504992 0.602683 0.0308054 0.125657
0 0.11536 0.599849 0.0241796 0.100746
0 0.721865 0.709219 0.037613 0.163701
0 0.227633 0.575019 0.0229014 0.0466544
0 0.633263 0.902952 0.0525105 0.194095
26 0.97675 0.839186 0.0272568 0.0882802
0 0.98215 0.87929 0.0351711 0.220872
0 0.626919 0.76368 0.0388531 0.17243
0 0.495787 0.769577 0.0248333 0.146433
0 0.969106 0.767844 0.0440287 0.182388
24 0.977072 0.841231 0.0291645 0.0869217
0 0.475763 0.752871 0.0245459 0.128033
0 0.843272 0.657716 0.0359549 0.0814324
0 0.529273 0.77054 0.0280608 0.138109
0 0.132528 0.62072 0.0292639 0.0669512
0 0.66355 0.835302 0.0334269 0.167601
0 0.92556 0.735742 0.0317518 0.132985
