0 0.894467 0.74782 0.0402084 0.180657
6 0.338879 0.681805 0.677759 0.610594
0 0.624086 0.832684 0.040267 0.206312
0 0.550278 0.938349 0.0502803 0.123303
0 0.55669 0.818188 0.0307825 0.176311
0 0.0627827 0.615064 0.0290054 0.100037
0 0.758175 0.942323 0.0757723 0.115354
0 0.876906 0.936098 0.0515453 0.127803
0 0.837404 0.704205 0.0311821 0.152528
0 0.388786 0.926663 0.0362051 0.145893
0 0.706216 0.722273 0.0325193 0.154996
0 0.126868 0.596934 0.033636 0.0669362
0 0.308237 0.922401 0.0466831 0.155197
0 0.979156 0.805291 0.0404093 0.192235
0 0.426726 0.954428 0.037843 0.085751
6 0.433272 0.64382 0.706807 0.680823
0 0.519597 0.770873 0.0383866 0.177954
24 0.968384 0.782532 0.0212311 0.0567352
0 0.222505 0.559994 0.0201759 0.0515103
