0 0.876531 0.873624 0.0499409 0.204463
0 0.456697 0.893571 0.0460859 0.206331
6 0.394729 0.650662 0.788936 0.690486
0 0.880839 0.690232 0.0376633 0.166968
0 0.658794 0.779847 0.0369216 0.176957
0 0.835724 0.70313 0.0294252 0.170948
0 0.73684 0.902249 0.0513685 0.195501
0 0.621054 0.755925 0.030901 0.148187
0 0.504356 0.91693 0.0438238 0.166141
0 0.702634 0.629012 0.0260735 0.141022
0 0.545459 0.929663 0.0364842 0.14035
0 0.337098 0.916227 0.050771 0.167546
0 0.809749 0.68193 0.028474 0.148817
0 0.610271 0.965732 0.0495506 0.0685352
0 0.217028 0.564708 0.0246788 0.0528631
0 0.592078 0.728435 0.0307608 0.140477
0 0.18159 0.548073 0.0227592 0.0980877
0 0.92338 0.654826 0.0247072 0.11335
0 0.581369 0.710976 0.0382622 0.17279
